ENVI ASCII Plot File [Fri Jul 29 09:48:19 2016]
Column 1: Wavelength
Column 2: Mean: kelp 1.1~~2##255,0,0
Column 3: Mean: kelp 1.2~~22##0,139,0
Column 4: Mean: kelp 1.3~~4##0,0,255
Column 5: Mean: kelp 2.1~~5##255,255,0
Column 6: Mean: kelp 2.2~~6##0,255,255
Column 7: Mean: kelp 3.1~~7##255,0,255
   365.929810   179.111111    45.666667    48.555556   106.555556   207.444444   30.555556
   375.593994   209.111111    87.333333    76.777778   134.555556   231.333333   34.777778
   385.262512   528.111111   401.888889   370.777778   457.333333   506.666667  315.222222
   394.935486   631.555556   532.777778   500.555556   567.000000   544.111111  421.444444
   404.612915   637.555556   554.000000   512.222222   566.111111   538.000000  449.000000
   414.294586   624.555556   541.555556   511.444444   540.444444   515.888889  434.888889
   423.980804   617.444444   528.555556   502.444444   538.000000   507.666667  430.333333
   433.671295   606.888889   523.000000   503.111111   538.222222   505.555556  426.666667
   443.366211   597.555556   513.555556   488.222222   526.444444   491.111111  422.444444
   453.065491   585.333333   500.111111   480.222222   517.333333   482.555556  410.111111
   462.769196   583.111111   495.555556   472.888889   515.444444   482.333333  404.222222
   472.477295   557.666667   469.222222   447.555556   494.000000   452.333333  380.000000
   482.189789   543.555556   457.444444   434.111111   486.333333   446.111111  371.222222
   491.906586   531.555556   442.666667   420.000000   474.111111   431.111111  354.888889
   501.627899   513.333333   422.444444   401.444444   457.222222   415.777778  338.000000
   511.353485   497.111111   410.333333   385.555556   445.111111   402.333333  321.333333
   521.083618   495.333333   412.777778   383.888889   444.111111   401.222222  318.555556
   530.817993   484.111111   404.000000   373.000000   433.000000   389.000000  305.666667
   540.556824   490.666667   412.666667   379.333333   439.666667   395.000000  310.777778
   550.299988   493.000000   420.222222   389.888889   442.777778   398.888889  313.777778
   560.047729   497.444444   434.666667   398.555556   448.222222   402.666667  315.777778
   569.799622   506.111111   450.666667   413.888889   457.000000   410.666667  318.888889
   579.556030   489.444444   442.222222   399.333333   439.555556   392.111111  306.777778
   589.316772   523.222222   485.333333   442.222222   468.888889   427.222222  334.222222
   599.081909   495.666667   462.777778   414.333333   433.111111   392.333333  307.333333
   608.851501   450.222222   405.000000   360.555556   382.000000   347.000000  267.333333
   618.625427   423.555556   371.777778   328.888889   357.555556   323.444444  243.888889
   628.403687   410.222222   360.777778   313.333333   350.000000   315.444444  232.777778
   638.186523   410.222222   361.666667   315.000000   347.333333   312.555556  232.222222
   647.973572   425.333333   387.444444   337.555556   362.111111   330.444444  244.000000
   657.765076   398.888889   335.888889   293.555556   335.555556   302.666667  217.000000
   667.560974   356.000000   272.888889   237.444444   297.555556   268.333333  183.222222
   655.792297   412.666667   345.666667   299.444444   345.555556   314.777778  221.222222
   665.599426   353.666667   271.777778   235.444444   295.666667   266.444444  181.111111
   675.401184   341.888889   255.222222   220.666667   284.888889   259.000000  169.888889
   685.197876   370.333333   299.333333   257.555556   312.333333   287.111111  192.333333
   694.989380   549.888889   553.333333   494.111111   472.777778   440.555556  330.444444
   704.775574   858.000000   941.222222   896.111111   775.111111   714.555556  580.222222
   714.556580  1121.333333  1242.222222  1247.333333  1064.888889   964.888889  778.777778
   724.332520  1314.444444  1477.666667  1532.222222  1292.555556  1152.222222  868.444444
   734.103088  1200.666667  1315.555556  1373.000000  1183.666667  1047.666667  728.777778
   743.868530  1088.444444  1161.333333  1209.222222  1061.555556   935.444444  628.444444
   753.628723  1078.666667  1145.888889  1194.111111  1050.777778   929.888889  624.000000
   763.383728  1071.000000  1140.444444  1186.444444  1037.222222   921.111111  611.000000
   773.133484  1069.888889  1152.555556  1199.000000  1043.777778   920.666667  608.666667
   782.878113  1101.000000  1189.111111  1236.666667  1070.333333   945.222222  629.666667
   792.617371  1149.444444  1263.111111  1319.222222  1125.666667   991.555556  667.555556
   802.351624  1173.444444  1309.222222  1368.222222  1161.333333  1018.333333  694.444444
   812.080505  1243.333333  1407.444444  1471.666667  1234.222222  1087.000000  742.333333
   821.804321  1205.555556  1378.222222  1448.777778  1200.222222  1058.777778  705.111111
   831.522827  1074.777778  1209.777778  1263.444444  1061.666667   931.333333  595.444444
   841.236084   958.333333  1058.333333  1101.000000   935.222222   824.555556  504.222222
   850.944214   929.111111  1016.888889  1053.666667   904.222222   797.777778  486.888889
   860.647095   896.333333   975.111111  1007.888889   866.111111   765.555556  458.000000
   870.344788   869.666667   944.777778   974.000000   838.777778   742.000000  442.000000
   880.037170   832.444444   899.666667   928.666667   799.111111   705.444444  408.222222
   889.724487   829.111111   902.444444   928.666667   801.222222   709.444444  407.666667
   899.406616   864.777778   963.444444   992.888889   839.888889   738.000000  422.000000
   909.083374   834.000000   936.444444   974.333333   816.333333   717.000000  404.111111
   918.755127   749.555556   835.333333   862.111111   728.555556   637.666667  356.000000
   928.421387   798.111111   895.000000   921.888889   775.222222   686.000000  382.222222
   938.082703   951.444444  1140.111111  1229.666667   963.666667   854.444444  534.666667
   947.738708   667.333333   701.666667   714.666667   636.444444   578.444444  326.555556
   957.389526   626.666667   616.777778   607.666667   573.555556   506.111111  300.333333
   967.035095   489.111111   441.777778   432.111111   434.333333   386.111111  222.666667
   976.675476   434.333333   383.000000   365.333333   377.444444   334.555556  187.222222
   986.310608   392.000000   336.444444   322.555556   335.555556   298.666667  162.666667
   995.940613   370.777778   318.666667   304.333333   317.666667   285.222222  152.444444
  1005.565002   386.000000   338.777778   322.777778   333.777778   299.888889  160.222222
  1015.184998   406.777778   359.222222   343.666667   350.666667   315.888889  168.222222
  1024.798950   425.333333   390.111111   377.333333   373.444444   336.111111  179.555556
  1034.407959   445.666667   416.888889   405.888889   394.666667   353.111111  185.444444
  1044.011963   473.111111   455.222222   446.222222   424.555556   383.555556  200.777778
  1053.610962   491.222222   481.444444   476.222222   444.111111   400.777778  209.333333
  1063.203979   512.111111   510.333333   502.444444   465.555556   420.222222  221.333333
  1072.792969   513.333333   513.000000   507.111111   466.222222   419.333333  216.111111
  1082.375977   501.111111   500.666667   492.888889   455.555556   409.444444  211.111111
  1091.953979   499.000000   500.666667   492.111111   453.888889   410.333333  212.333333
  1101.526001   513.000000   518.111111   511.777778   468.333333   418.666667  216.333333
  1111.093994   525.555556   545.111111   531.333333   477.888889   425.555556  217.777778
  1120.656006   691.222222   746.444444   731.888889   635.000000   641.000000  352.111111
  1130.213013   632.888889   635.222222   625.333333   595.222222   586.333333  321.666667
  1139.765015   457.666667   444.666667   426.333333   424.888889   404.000000  209.666667
  1149.311035   525.888889   518.777778   497.000000   507.222222   478.777778  261.222222
  1158.853027   376.888889   329.000000   307.333333   343.222222   304.888889  149.555556
  1168.389038   323.222222   262.222222   240.444444   279.222222   244.555556  129.111111
  1177.920044   306.222222   244.222222   218.555556   262.555556   235.000000  120.555556
  1187.446045   289.333333   227.555556   208.555556   246.888889   223.000000  109.555556
  1196.965942   288.555556   225.444444   202.222222   244.444444   215.888889  111.888889
  1206.482056   267.111111   205.555556   181.111111   220.000000   198.777778   96.555556
  1215.991943   275.555556   212.222222   190.666667   232.333333   208.555556  103.222222
  1225.496948   265.222222   202.888889   182.000000   220.555556   197.000000   98.111111
  1234.995972   268.222222   202.222222   180.444444   220.888889   199.555556  103.000000
  1244.490967   258.555556   196.444444   173.666667   215.777778   193.555556   98.666667
  1253.979980   254.666667   191.666667   170.222222   211.444444   195.111111   96.444444
  1263.463989   260.000000   196.333333   170.111111   219.777778   203.222222   96.555556
  1253.373047   253.666667   191.111111   169.555556   211.222222   194.777778   96.333333
  1263.345947   257.777778   176.888889   154.555556   213.666667   186.444444   91.333333
  1273.317993   272.333333   196.000000   166.888889   216.888889   191.000000  102.111111
  1283.291016   267.444444   188.888889   172.222222   208.555556   180.777778   96.222222
  1293.261963   272.666667   198.888889   177.444444   201.666667   193.111111  102.555556
  1303.234009   278.555556   204.666667   190.888889   224.777778   201.555556  105.666667
  1313.206055   288.666667   208.777778   185.111111   228.222222   199.555556  108.222222
  1323.177002     0.000000     0.000000     0.000000     0.000000     0.000000    0.000000
  1333.147949     0.000000     0.000000     0.000000     0.000000     0.000000    0.000000
  1343.119019     0.000000     0.000000     0.000000     0.000000     0.000000    0.000000
  1353.088989     0.000000     0.000000     0.000000     0.000000     0.000000    0.000000
  1363.060059     0.000000     0.000000     0.000000     0.000000     0.000000    0.000000
  1373.030029     0.000000     0.000000     0.000000     0.000000     0.000000    0.000000
  1383.000000     0.000000     0.000000     0.000000     0.000000     0.000000    0.000000
  1392.968994     0.000000     0.000000     0.000000     0.000000     0.000000    0.000000
  1402.938965     0.000000     0.000000     0.000000     0.000000     0.000000    0.000000
  1412.907959     0.000000     0.000000     0.000000     0.000000     0.000000    0.000000
  1422.876953     0.000000     0.000000     0.000000     0.000000     0.000000    0.000000
  1432.844971   871.555556  1273.111111  1529.000000  1003.888889   817.888889  577.888889
  1442.813965   584.222222   675.888889   908.000000   574.333333   686.222222  298.555556
  1452.781982   322.000000   341.666667   451.444444   364.666667   335.777778  176.333333
  1462.750000   322.111111   321.444444   304.666667   342.222222   320.888889  178.444444
  1472.718018   330.555556   296.555556   280.555556   322.777778   306.444444  186.111111
  1482.685059   269.333333   302.888889   248.000000   329.000000   248.666667  158.000000
  1492.651978   225.000000   194.777778   162.777778   221.777778   189.888889  105.444444
  1502.619019   183.000000   146.000000   121.555556   173.888889   138.777778   77.888889
  1512.586060   179.555556   137.666667   125.111111   168.222222   135.111111   77.111111
  1522.552002   160.111111   124.666667   112.222222   149.333333   117.333333   67.333333
  1532.517944   161.000000   118.444444   100.888889   141.666667   113.444444   62.444444
  1542.484009   153.888889   115.111111   105.222222   133.000000   106.333333   69.111111
  1552.449951   170.000000   120.777778   105.000000   146.888889   121.777778   70.333333
  1562.416016   166.000000   121.222222   105.000000   143.666667   116.777778   65.555556
  1572.380981   166.333333   118.000000   104.111111   141.666667   116.111111   67.888889
  1582.345947   167.111111   118.777778   104.888889   143.777778   121.111111   67.555556
  1592.311035   177.444444   127.000000   112.666667   149.000000   121.555556   73.333333
  1602.275024   176.222222   128.111111   110.555556   151.444444   123.222222   72.888889
  1612.239990   169.888889   120.666667   104.222222   143.333333   121.555556   66.333333
  1622.203979   184.888889   128.222222   111.777778   152.222222   125.333333   76.666667
  1632.166992   178.111111   124.222222   111.222222   148.222222   123.888889   70.777778
  1642.130981   176.666667   125.555556   109.111111   148.666667   122.666667   70.888889
  1652.093994   177.333333   124.888889   108.777778   152.000000   122.666667   72.666667
  1662.057007   179.111111   126.333333   108.111111   147.666667   123.333333   71.000000
