ENVI ASCII Plot File [Mon Jul 18 16:03:14 2016]
Column 1: Wavelength
Column 2: Mean: kelp 5.1~~25##0,0,139
Column 3: Mean: kelp 5.2~~11##255,127,80
Column 4: Mean: kelp 6.1~~15##127,255,0
Column 5: Mean: kelp 6.2~~13##218,112,214
Column 6: Mean: kelp 6.3~~18##205,0,0
Column 7: Mean: kelp 7.1~~9##46,139,87
Column 8: Mean: kelp 7.2~~25##0,0,139
Column 9: Mean: kelp 7.3~~41##255,165,0
Column 10: Mean: kelp 8.1~~12##127,255,212
Column 11: Mean: kelp 8.2~~13##218,112,214
Column 12: Mean: kelp 9.1~~16##216,191,216
Column 13: Mean: kelp 9.2~~16##216,191,216
Column 14: Mean: kelp 9.3~~40##85,26,139
Column 15: Mean: kelp 9.4~~39##125,38,205
Column 16: Mean: kelp 10.1~~31##0,139,139
Column 17: Mean: kelp 10.2~~48##238,210,238
Column 18: Mean: kelp 11.1~~1##255,255,255
Column 19: Mean: kelp 11.2~~30##0,205,205
Column 20: Mean: kelp 11.3~~1##255,255,255
Column 21: Mean: kelp 12.1~~9##46,139,87
Column 22: Mean: kelp 12.2~~15##127,255,0
   365.929810    0.000000     0.000000    0.000000    0.000000    0.000000    0.000000    0.000000    0.000000    0.000000    0.000000    0.000000    0.000000    0.000000    0.000000    0.000000    0.000000    0.000000    0.000000    0.000000    0.000000    0.000000
   375.593994    0.000000     0.000000    0.000000    0.000000    0.000000    0.000000    0.000000    0.000000    0.000000    0.000000    0.000000    0.000000    0.000000    0.000000    0.000000    0.000000    0.000000    0.000000    0.000000    0.000000    0.000000
   385.262512    0.000000     0.000000    0.000000    0.000000    0.000000    0.000000    0.000000    0.000000    0.000000    0.000000    0.000000    0.000000    0.000000    0.000000    0.000000    0.000000    0.000000    0.000000    0.000000    0.000000    0.000000
   394.935486    0.000000     0.000000    0.000000    0.000000    0.000000    0.000000    0.000000    0.000000    0.000000    0.000000    0.000000    0.000000    0.000000    0.000000    0.000000    0.000000    0.000000    0.000000    0.000000    0.000000    0.000000
   404.612915    0.000000     0.000000    0.000000    0.000000    0.000000    0.000000    0.000000    0.000000    0.000000    0.000000    0.000000    0.000000    0.000000    0.000000    0.111111    0.000000    0.000000    0.000000    0.000000    0.000000    0.000000
   414.294586    0.000000     0.000000    0.000000    0.000000    0.000000    0.000000    0.000000    0.000000    0.000000    0.000000    0.000000    0.000000    0.000000    0.000000    0.000000    0.444444    0.000000    0.000000    0.000000    0.000000    0.000000
   423.980804    0.000000     0.000000    0.000000    0.000000    0.000000    0.000000    7.111111    0.000000    0.000000    6.888889    0.666667    6.666667    2.555556    0.000000   12.777778   15.000000    1.333333    5.333333    1.222222    0.000000    0.000000
   433.671295    0.444444     3.888889    1.777778    7.222222    0.000000    3.555556   34.111111    0.000000   29.888889   45.777778   31.222222   50.888889   39.555556   36.555556   52.333333   51.555556   34.333333   51.333333   39.333333    0.000000    3.111111
   443.366211   12.666667    31.333333   22.222222   23.111111    1.444444   27.555556   57.555556    5.222222   41.888889   74.444444   47.888889   68.888889   57.888889   48.222222   72.333333   70.555556   65.555556   84.444444   68.111111    7.333333   22.000000
   453.065491   20.444444    37.777778   27.777778   28.777778    8.888889   28.777778   68.222222   14.222222   54.555556   81.666667   57.777778   74.888889   62.222222   52.000000   76.666667   68.666667   80.777778   99.888889   84.000000   21.555556   31.444444
   462.769196   39.777778    58.222222   51.666667   47.222222   24.555556   46.111111   87.777778   30.111111   69.000000  104.000000   71.555556   93.555556   79.000000   69.111111   89.666667   84.222222  110.000000  123.333333  109.777778   41.777778   56.666667
   472.477295   31.333333    53.333333   40.222222   40.222222   13.000000   35.444444   80.888889   17.111111   57.222222   99.222222   60.333333   88.777778   68.444444   55.333333   74.111111   71.333333  104.111111  126.444444  106.222222   37.444444   46.333333
   482.189789   38.777778    60.444444   46.777778   47.666667   16.777778   36.222222   84.888889   21.888889   62.444444   99.444444   64.555556   94.888889   74.444444   60.444444   80.222222   76.333333  115.333333  140.666667  119.777778   45.777778   59.222222
   491.906586   37.888889    60.111111   46.000000   44.333333   14.000000   37.444444   85.000000   18.333333   58.777778  102.000000   61.777778   91.777778   72.000000   56.888889   74.666667   73.000000  118.888889  144.111111  124.222222   47.444444   60.222222
   501.627899   29.111111    59.000000   43.333333   43.666667   12.333333   33.111111   79.555556   16.111111   52.777778   93.222222   59.666667   81.777778   64.333333   52.333333   69.777778   69.777778  112.888889  142.000000  122.444444   47.777778   61.000000
   511.353485   24.333333    51.111111   30.555556   32.000000    2.777778   24.444444   67.666667    7.222222   43.555556   80.222222   45.777778   68.222222   48.333333   40.555556   61.111111   57.666667   98.333333  126.555556  109.111111   38.333333   53.111111
   521.083618   31.777778    60.222222   33.777778   37.333333   12.666667   30.777778   71.111111   13.555556   49.111111   81.333333   49.000000   69.555556   51.666667   44.555556   63.888889   63.333333   99.111111  133.333333  112.444444   44.555556   60.111111
   530.817993   28.222222    58.777778   28.777778   31.111111    8.777778   25.444444   64.333333    9.222222   43.111111   73.333333   41.777778   59.444444   42.666667   38.111111   58.222222   55.333333   90.000000  126.000000  105.555556   40.333333   55.444444
   540.556824   43.333333    75.777778   42.444444   43.222222   23.888889   38.333333   75.666667   23.111111   55.000000   83.888889   52.888889   67.888889   51.777778   51.111111   71.222222   66.444444  100.111111  137.111111  116.888889   54.444444   69.444444
   550.299988   50.333333    79.222222   48.333333   46.555556   30.333333   43.777778   76.666667   33.222222   63.444444   83.777778   55.333333   66.222222   54.000000   56.000000   77.666667   73.000000   97.000000  134.444444  114.333333   58.555556   72.888889
   560.047729   53.333333    84.111111   50.888889   52.222222   38.888889   50.444444   76.333333   40.555556   66.444444   78.111111   58.111111   62.666667   56.222222   58.666667   82.222222   75.777778   88.666667  132.000000  108.111111   61.333333   73.777778
   569.799622   61.111111    90.000000   51.111111   54.444444   47.111111   56.777778   78.333333   49.000000   76.666667   77.333333   63.888889   58.888889   57.666667   61.222222   87.333333   79.444444   76.777778  119.888889   95.888889   62.000000   70.333333
   579.556030   48.888889    76.222222   44.333333   43.111111   40.222222   47.888889   64.666667   41.888889   62.000000   63.555556   50.111111   43.444444   43.777778   53.222222   76.222222   67.555556   57.777778   96.888889   72.666667   46.111111   54.333333
   589.316772   76.666667    99.555556   56.111111   67.555556   68.444444   66.777778   79.111111   64.777778   82.555556   66.111111   67.555556   44.444444   54.000000   68.888889   98.555556   90.111111   41.222222   77.888889   54.777778   54.222222   61.222222
   599.081909   54.222222    71.333333   38.111111   43.222222   52.555556   49.777778   55.444444   54.666667   62.888889   46.666667   44.555556   23.222222   35.777778   50.777778   77.333333   63.111111   16.333333   41.222222   24.222222   30.777778   34.888889
   608.851501   21.333333    37.666667   17.111111   12.222222   25.000000   25.777778   29.111111   26.555556   35.888889   27.000000   18.555556    5.666667   14.111111   22.333333   49.111111   33.444444    1.000000   18.333333    6.555556    5.444444   10.000000
   618.625427   10.666667    24.777778    2.777778    4.111111    7.444444    9.444444   16.444444    9.000000   20.000000   15.222222    5.555556    0.777778    1.444444    7.777778   32.222222   18.555556    0.000000   11.000000    1.000000    0.444444    1.666667
   628.403687    6.888889    21.444444    2.111111    3.000000    5.111111    9.000000   13.666667    8.888889   16.444444   11.111111    1.222222    1.000000    0.333333    3.111111   28.777778   15.111111    0.000000    7.333333    0.000000    0.000000    0.666667
   638.186523   10.111111    23.555556    5.222222    5.222222    7.222222   10.000000   15.777778   14.444444   17.444444   14.666667    5.888889    0.777778    1.333333   11.111111   31.555556   17.777778    0.000000    9.111111    0.000000    0.333333    2.000000
   647.973572   26.777778    41.555556   14.666667   19.222222   27.555556   26.222222   30.777778   33.111111   35.666667   26.111111   17.888889    5.666667   12.222222   21.777778   48.111111   35.111111    0.777778   11.111111    1.333333    8.777778   13.222222
   657.765076   16.111111    27.000000    4.444444    8.111111   10.666667   14.444444   20.444444   17.777778   21.111111   19.444444    5.888889    1.444444    2.000000   10.444444   34.333333   22.000000    1.222222    8.111111    0.444444    2.000000    4.888889
   667.560974    0.222222     8.333333    0.000000    0.000000    0.000000    0.222222    5.222222    0.222222    1.555556    3.444444    0.000000    0.000000    0.000000    0.000000   15.333333    2.888889    0.000000    0.555556    0.000000    0.000000    0.000000
   655.792297   13.333333    29.555556    3.000000    6.000000    8.777778   13.888889   20.666667   17.000000   21.333333   10.111111    2.333333    2.111111    3.000000    9.555556   34.666667   20.222222    0.222222    2.888889    0.000000    1.666667    3.222222
   665.599426    0.000000     6.666667    0.000000    0.000000    0.000000    0.000000    3.222222    0.111111    0.777778    1.222222    0.000000    0.000000    0.000000    0.000000   13.222222    2.000000    0.000000    0.111111    0.000000    0.000000    0.000000
   675.401184    0.666667     7.111111    0.000000    0.000000    0.000000    1.111111    4.888889    0.111111    1.222222    1.555556    0.000000    0.000000    0.000000    0.000000   15.444444    4.333333    0.000000    0.000000    0.000000    0.000000    0.000000
   685.197876   22.111111    26.111111    5.444444   11.333333   15.333333   25.333333   27.000000   24.666667   23.666667   14.222222   13.222222    4.444444    7.444444   17.111111   46.555556   29.777778    0.000000    1.000000    0.555556    3.222222   10.222222
   694.989380  139.555556   152.555556   84.333333  128.555556  142.444444  136.333333  122.000000  146.000000  136.111111   70.777778  123.333333   60.555556   88.777778  127.888889  171.000000  153.222222   14.111111   28.222222   19.000000   69.333333   85.555556
   704.775574  376.000000   417.111111  214.111111  336.888889  372.000000  329.111111  296.888889  362.333333  317.777778  156.222222  297.444444  148.444444  213.444444  290.777778  404.222222  390.333333   32.666667   59.111111   41.111111  175.888889  202.222222
   714.556580  652.222222   749.000000  350.333333  572.777778  632.555556  519.444444  478.555556  577.111111  487.666667  236.888889  465.333333  230.000000  329.444444  435.000000  635.000000  621.555556   57.000000   87.888889   63.777778  268.444444  298.000000
   724.332520  918.888889  1116.000000  455.111111  833.444444  902.222222  676.666667  656.777778  761.444444  636.222222  291.444444  617.000000  288.444444  416.222222  544.888889  828.777778  812.111111   69.333333   98.666667   69.333333  333.777778  367.000000
   734.103088  835.666667  1062.222222  406.000000  752.333333  820.555556  605.666667  587.111111  682.555556  564.000000  259.777778  537.777778  247.888889  363.111111  466.444444  743.444444  728.222222   61.444444   84.222222   64.000000  294.000000  320.111111
   743.868530  712.777778   933.444444  351.555556  634.888889  699.666667  521.888889  495.444444  589.000000  474.444444  226.444444  447.888889  207.111111  304.444444  386.777778  638.888889  622.222222   53.333333   71.888889   56.777778  251.333333  276.000000
   753.628723  697.222222   917.888889  352.333333  616.888889  683.333333  511.444444  485.333333  576.444444  465.777778  229.000000  435.555556  207.333333  301.666667  376.888889  623.222222  605.111111   65.666667   80.222222   68.222222  255.888889  277.333333
   763.383728  681.888889   907.666667  346.666667  604.222222  673.666667  502.666667  478.888889  565.666667  453.222222  224.666667  427.111111  199.666667  295.222222  369.000000  604.444444  592.888889   67.000000   80.444444   70.444444  249.333333  266.111111
   773.133484  683.222222   928.888889  336.888889  605.444444  671.333333  491.555556  466.222222  557.555556  441.666667  209.333333  419.444444  187.777778  281.888889  352.444444  601.222222  587.333333   49.000000   63.444444   51.777778  236.444444  257.666667
   782.878113  697.555556   952.111111  347.111111  622.888889  686.000000  498.888889  477.333333  571.555556  451.111111  216.333333  430.222222  195.666667  289.888889  362.555556  610.555556  597.444444   52.555556   69.888889   57.888889  242.222222  266.444444
   792.617371  744.333333  1020.555556  366.333333  672.444444  729.777778  526.222222  507.666667  601.888889  480.444444  225.555556  463.000000  204.444444  307.777778  385.000000  644.777778  631.000000   57.000000   72.111111   62.222222  257.222222  282.000000
   802.351624  771.333333  1058.000000  385.222222  700.666667  757.555556  546.444444  529.111111  625.111111  496.333333  232.777778  481.222222  214.222222  318.777778  399.777778  667.888889  650.111111   60.111111   75.444444   63.444444  265.888889  290.333333
   812.080505  842.555556  1149.222222  415.777778  765.444444  821.777778  587.111111  577.888889  674.777778  538.000000  250.333333  526.111111  235.111111  348.444444  431.888889  723.222222  704.222222   67.888889   85.666667   75.222222  290.888889  314.333333
   821.804321  846.888889  1161.222222  407.222222  770.444444  823.666667  584.666667  582.444444  666.333333  533.888889  245.777778  522.333333  228.333333  342.555556  426.666667  720.555556  704.444444   64.333333   81.111111   67.555556  287.444444  310.666667
   831.522827  720.444444  1003.888889  346.555556  649.333333  701.222222  504.666667  497.222222  572.666667  455.111111  210.555556  442.888889  191.111111  289.666667  356.888889  622.888889  613.111111   56.444444   66.222222   58.777778  247.000000  269.444444
   841.236084  610.555556   858.888889  288.777778  542.555556  586.555556  426.555556  412.000000  483.111111  380.666667  179.222222  370.888889  156.333333  240.555556  295.666667  530.777778  522.222222   42.777778   52.444444   47.444444  207.777778  228.111111
   850.944214  574.000000   806.666667  283.222222  507.777778  549.333333  410.444444  394.666667  461.444444  362.111111  176.444444  349.000000  152.666667  234.111111  281.000000  501.555556  494.777778   52.666667   59.111111   56.111111  205.888889  221.444444
   860.647095  543.666667   767.555556  260.888889  474.888889  517.666667  386.555556  368.888889  434.111111  340.888889  164.111111  328.666667  141.111111  216.888889  260.666667  474.888889  469.000000   46.444444   50.666667   50.333333  191.777778  208.888889
   870.344788  523.666667   740.000000  250.444444  455.666667  497.333333  374.222222  355.444444  418.222222  327.111111  159.333333  314.000000  135.333333  209.666667  250.000000  457.555556  452.222222   45.111111   51.666667   50.222222  188.000000  202.888889
   880.037170  488.888889   704.666667  229.222222  424.000000  465.555556  346.777778  330.444444  388.333333  302.666667  144.222222  289.111111  119.111111  190.666667  227.666667  428.777778  423.777778   38.222222   42.777778   42.888889  170.111111  184.555556
   889.724487  495.888889   710.333333  233.000000  427.888889  463.777778  351.222222  334.222222  389.555556  304.444444  147.444444  296.555556  121.666667  194.111111  229.000000  431.666667  427.111111   42.222222   45.444444   45.111111  174.666667  189.888889
   899.406616  542.222222   780.666667  243.666667  473.222222  508.333333  378.666667  369.000000  420.444444  328.444444  155.444444  320.777778  131.666667  206.222222  248.444444  469.333333  469.666667   42.333333   45.888889   48.222222  189.111111  204.888889
   909.083374  538.222222   779.777778  238.333333  468.000000  503.666667  371.555556  366.333333  411.222222  327.000000  146.666667  313.555556  123.111111  200.555556  242.222222  461.555556  462.000000   41.222222   44.000000   44.888889  184.444444  200.000000
   918.755127  494.000000   712.111111  218.000000  418.666667  457.444444  339.000000  331.555556  373.000000  295.666667  135.666667  282.777778  110.000000  180.777778  217.333333  421.333333  418.333333   36.555556   39.555556   39.222222  168.000000  178.888889
   928.421387  522.111111   756.777778  231.000000  444.666667  479.666667  359.000000  352.111111  390.666667  317.666667  147.222222  306.111111  119.444444  194.555556  234.666667  449.111111  448.888889   46.555556   48.333333   49.111111  184.555556  193.777778
   938.082703  672.111111   926.777778  333.333333  595.666667  659.333333  486.222222  443.333333  540.888889  415.000000  209.777778  403.666667  188.666667  281.555556  333.777778  583.111111  579.000000   81.888889   90.666667   96.555556  258.444444  255.888889
   947.738708  369.777778   517.666667  187.222222  314.222222  356.555556  279.888889  255.000000  317.888889  237.666667  114.222222  226.000000   90.000000  153.777778  174.222222  324.555556  325.333333   25.666667   25.888889   26.555556  127.444444  141.888889
   957.389526  290.666667   419.666667  157.555556  245.222222  283.222222  224.222222  205.444444  253.444444  189.333333   98.333333  176.777778   73.888889  119.444444  140.111111  265.555556  250.666667   26.000000   24.000000   28.888889  107.888889  117.555556
   967.035095  183.555556   287.666667  104.000000  139.222222  172.888889  151.555556  131.333333  160.000000  115.000000   69.666667  105.444444   43.888889   74.333333   85.666667  170.111111  156.111111   19.333333   12.888889   23.222222   65.777778   70.666667
   976.675476  145.333333   243.000000   81.444444  109.555556  137.777778  121.333333  107.000000  129.888889   92.444444   53.222222   85.444444   27.888889   56.444444   66.111111  138.222222  124.555556   13.000000    6.888889   16.111111   49.777778   52.000000
   986.310608  120.555556   212.333333   62.333333   83.111111  111.111111  100.333333   85.444444  104.444444   72.333333   41.666667   62.333333   18.555556   43.555556   47.000000  112.222222  101.555556    8.444444    3.555556   13.333333   38.222222   41.777778
   995.940613  112.777778   204.666667   57.777778   76.666667  103.444444   93.777778   80.888889   98.555556   66.444444   40.111111   59.333333   17.777778   38.777778   42.777778  106.111111   94.111111    7.888889    2.222222   12.111111   36.111111   38.444444
  1005.565002  124.555556   220.333333   67.222222   84.777778  114.888889  103.888889   88.333333  110.111111   73.888889   45.888889   66.222222   21.444444   45.555556   50.333333  116.333333  106.777778   11.444444    5.444444   16.333333   41.222222   41.888889
  1015.184998  142.666667   242.111111   77.666667  100.888889  132.111111  118.111111  101.111111  124.111111   86.666667   50.666667   77.222222   27.222222   52.777778   58.444444  132.777778  120.888889   12.888889    6.333333   20.111111   51.000000   51.666667
  1024.798950  162.555556   270.111111   88.444444  117.333333  152.666667  135.888889  115.888889  142.666667  100.000000   59.111111   90.333333   33.000000   63.333333   71.222222  152.000000  139.888889   18.000000    9.333333   24.000000   60.666667   60.555556
  1034.407959  179.222222   292.333333   93.888889  128.666667  166.333333  148.111111  124.000000  155.333333  110.333333   59.222222   98.000000   33.888889   67.666667   75.444444  164.666667  155.444444   17.777778   10.666667   21.888889   66.333333   65.222222
  1044.011963  210.000000   324.666667  112.888889  153.000000  195.222222  170.333333  144.111111  176.666667  128.111111   72.666667  118.000000   42.777778   81.222222   91.777778  190.777778  179.000000   22.333333   16.000000   29.777778   79.888889   76.888889
  1053.610962  226.555556   349.111111  120.111111  169.555556  215.444444  184.777778  154.555556  191.333333  139.888889   76.555556  128.666667   44.000000   88.000000   98.666667  206.444444  196.333333   22.333333   15.444444   27.888889   85.333333   81.777778
  1063.203979  244.666667   368.666667  131.000000  184.777778  232.666667  200.777778  169.111111  207.222222  150.111111   83.777778  140.333333   51.333333   96.777778  107.333333  221.222222  210.444444   28.000000   20.111111   34.222222   92.888889   91.111111
  1072.792969  243.666667   369.444444  128.777778  182.888889  234.222222  200.333333  165.000000  209.444444  147.777778   79.777778  136.555556   47.000000   93.444444  106.666667  221.666667  209.444444   21.111111   15.444444   30.111111   90.333333   83.333333
  1082.375977  236.888889   361.000000  127.333333  176.333333  228.444444  195.888889  160.222222  203.777778  144.777778   78.444444  133.111111   46.000000   92.000000  102.666667  216.111111  203.222222   20.888889   14.888889   29.333333   87.777778   81.888889
  1091.953979  235.777778   360.777778  129.000000  175.777778  229.888889  195.555556  160.111111  205.555556  144.222222   78.777778  133.666667   47.444444   93.555556  102.000000  216.444444  202.666667   22.333333   16.222222   29.777778   87.555556   82.777778
  1101.526001  244.888889   380.555556  128.333333  188.555556  240.555556  200.555556  164.111111  215.666667  149.000000   77.888889  139.000000   47.555556   94.888889  104.000000  222.444444  211.333333   20.666667   15.222222   26.333333   86.222222   82.111111
  1111.093994  238.777778   376.111111  131.777778  187.333333  245.333333  198.666667  155.111111  222.555556  149.555556   71.111111  131.777778   42.666667   92.777778   99.888889  220.444444  210.333333   13.555556    7.777778   18.333333   78.555556   74.111111
  1120.656006  330.555556   377.777778  175.666667  302.333333  344.222222  247.000000  226.111111  354.222222  221.222222   93.555556  218.111111   78.222222  138.111111  160.666667  295.000000  276.555556   29.000000   24.222222   31.555556  112.444444  139.888889
  1130.213013  301.333333   319.555556  158.111111  268.555556  302.222222  237.444444  186.222222  309.111111  211.111111   97.444444  194.222222   80.000000  133.444444  146.444444  230.111111  254.333333   27.777778   21.888889   27.000000  105.888889  118.888889
  1139.765015  176.888889   201.777778  100.777778  157.555556  163.000000  144.333333  120.444444  184.222222  123.111111   54.888889  114.888889   41.000000   73.000000   83.666667  148.000000  138.111111   13.111111    8.111111   16.333333   54.777778   69.000000
  1149.311035  206.111111   224.333333  108.000000  194.000000  187.555556  156.666667  149.000000  209.000000  135.888889   69.333333  141.444444   56.222222   87.666667  107.444444  163.777778  161.000000   23.333333   11.000000   20.777778   73.222222   91.777778
  1158.853027   98.444444   128.888889   53.222222   84.666667   93.333333   77.111111   70.444444  101.111111   68.777778   33.111111   66.111111   15.666667   38.777778   44.555556   92.555556   72.888889    4.666667    0.555556    7.333333   27.333333   36.555556
  1168.389038   67.777778   111.000000   40.777778   51.222222   67.555556   59.555556   52.777778   70.777778   46.111111   31.333333   38.777778   12.111111   29.333333   28.444444   65.555556   51.000000    5.777778    2.111111   11.555556   19.555556   27.333333
  1177.920044   60.111111    90.777778   43.333333   46.000000   51.222222   56.111111   46.555556   63.000000   39.555556   29.888889   38.222222   10.666667   25.555556   22.555556   57.888889   43.111111    6.555556    4.222222   15.111111   17.888889   27.666667
  1187.446045   52.666667    84.888889   32.888889   35.555556   42.000000   43.333333   39.333333   48.555556   32.444444   22.666667   27.555556    5.333333   18.444444   14.333333   49.333333   34.000000    3.000000    0.000000   10.666667   12.666667   19.333333
  1196.965942   47.777778    78.000000   35.222222   34.222222   42.444444   42.000000   39.666667   53.111111   31.222222   24.333333   26.666667    8.111111   19.111111   16.222222   44.444444   33.777778    3.777778    1.222222   12.888889   14.444444   20.777778
  1206.482056   29.777778    66.333333   20.555556   20.444444   25.777778   28.222222   26.444444   39.333333   20.444444   15.333333   15.000000    2.555556    9.222222    7.666667   36.000000   22.000000    0.666667    0.000000    3.888889    4.000000   11.000000
  1215.991943   39.111111    71.111111   27.000000   29.333333   36.333333   36.888889   35.777778   43.444444   23.000000   22.444444   23.333333    5.777778   16.666667   11.777778   39.333333   29.444444    2.888889    0.444444   10.111111   10.888889   16.888889
  1225.496948   34.333333    69.000000   25.111111   22.444444   29.888889   33.777778   29.222222   42.111111   22.000000   18.777778   17.888889    3.888889   12.333333    9.444444   34.777778   25.111111    4.777778    0.444444   10.111111    7.111111    9.444444
  1234.995972   37.333333    69.222222   27.111111   25.555556   33.333333   34.444444   31.000000   44.444444   24.444444   20.111111   21.000000    5.333333   13.777778   12.000000   38.444444   26.111111    5.222222    0.777778   13.555556   10.444444   18.444444
  1244.490967   34.000000    60.444444   27.555556   23.000000   29.555556   35.666667   31.000000   43.888889   22.000000   20.777778   19.222222    6.333333   16.555556    9.555556   33.666667   23.666667    6.777778    2.000000   13.111111    9.555556   15.777778
  1253.979980   28.888889    57.000000   22.777778   20.444444   27.444444   30.222222   25.111111   42.111111   16.444444   19.333333   14.777778    4.777778   14.111111    9.555556   29.000000   21.555556    6.555556    1.444444   11.333333    8.333333   14.111111
  1263.463989   24.000000    45.333333   24.888889   17.777778   24.777778   31.111111   26.333333   42.666667   15.000000   20.000000   14.222222    4.333333   13.888889   10.333333   26.555556   19.333333    8.111111    0.777778   15.444444    8.444444   12.888889
  1253.373047   28.888889    57.000000   22.777778   20.888889   27.777778   30.222222   25.444444   42.333333   16.444444   19.333333   15.111111    4.666667   14.555556    9.888889   28.888889   21.555556    6.555556    1.444444   12.111111    8.222222   14.111111
  1263.345947   29.222222    73.777778   25.000000   20.777778   33.222222   18.666667   36.888889   39.888889   24.111111   23.000000    9.666667    2.555556    8.000000    7.111111   43.444444   39.000000   25.333333   13.222222    9.444444   19.888889   21.777778
  1273.317993   34.222222    74.111111   44.222222   20.000000   36.666667   28.000000   38.555556   45.111111   27.666667   25.666667   22.444444    6.888889   20.777778   21.111111   49.777778   30.555556    8.444444    9.888889    8.333333   17.444444   23.444444
  1283.291016   43.000000    79.888889   34.222222   13.444444   44.000000   30.222222   39.444444   48.444444   25.222222   33.222222   19.222222   13.888889   15.888889   22.222222   48.555556   36.444444   10.222222   13.333333    8.555556   21.111111   18.444444
  1293.261963   54.222222   112.666667   33.555556   34.555556   53.333333   33.111111   50.777778   48.444444   42.000000   35.000000   31.777778   14.111111   11.888889   26.555556   55.666667   37.000000   18.222222   14.333333   11.333333   24.444444   25.555556
  1303.234009   58.666667    94.666667   38.000000   35.222222   50.333333   36.777778   49.666667   46.333333   42.888889   38.111111   34.000000   16.666667   19.333333   31.555556   61.444444   45.111111   11.444444    8.888889   13.888889   29.000000   24.555556
  1313.206055   69.888889    98.888889   36.888889   31.555556   61.555556   40.555556   46.555556   54.555556   40.333333   36.333333   35.333333   15.444444   19.888889   34.444444   57.222222   46.444444   18.777778    6.888889    9.333333   33.555556   32.111111
  1323.177002    0.000000     0.000000    0.000000    0.000000    0.000000    0.000000    0.000000    0.000000    0.000000    0.000000    0.000000    0.000000    0.000000    0.000000    0.000000    0.000000    0.000000    0.000000    0.000000    0.000000    0.000000
  1333.147949    0.000000     0.000000    0.000000    0.000000    0.000000    0.000000    0.000000    0.000000    0.000000    0.000000    0.000000    0.000000    0.000000    0.000000    0.000000    0.000000    0.000000    0.000000    0.000000    0.000000    0.000000
  1343.119019    0.000000     0.000000    0.000000    0.000000    0.000000    0.000000    0.000000    0.000000    0.000000    0.000000    0.000000    0.000000    0.000000    0.000000    0.000000    0.000000    0.000000    0.000000    0.000000    0.000000    0.000000
  1353.088989    0.000000     0.000000    0.000000    0.000000    0.000000    0.000000    0.000000    0.000000    0.000000    0.000000    0.000000    0.000000    0.000000    0.000000    0.000000    0.000000    0.000000    0.000000    0.000000    0.000000    0.000000
  1363.060059    0.000000     0.000000    0.000000    0.000000    0.000000    0.000000    0.000000    0.000000    0.000000    0.000000    0.000000    0.000000    0.000000    0.000000    0.000000    0.000000    0.000000    0.000000    0.000000    0.000000    0.000000
  1373.030029    0.000000     0.000000    0.000000    0.000000    0.000000    0.000000    0.000000    0.000000    0.000000    0.000000    0.000000    0.000000    0.000000    0.000000    0.000000    0.000000    0.000000    0.000000    0.000000    0.000000    0.000000
  1383.000000    0.000000     0.000000    0.000000    0.000000    0.000000    0.000000    0.000000    0.000000    0.000000    0.000000    0.000000    0.000000    0.000000    0.000000    0.000000    0.000000    0.000000    0.000000    0.000000    0.000000    0.000000
  1392.968994    0.000000     0.000000    0.000000    0.000000    0.000000    0.000000    0.000000    0.000000    0.000000    0.000000    0.000000    0.000000    0.000000    0.000000    0.000000    0.000000    0.000000    0.000000    0.000000    0.000000    0.000000
  1402.938965    0.000000     0.000000    0.000000    0.000000    0.000000    0.000000    0.000000    0.000000    0.000000    0.000000    0.000000    0.000000    0.000000    0.000000    0.000000    0.000000    0.000000    0.000000    0.000000    0.000000    0.000000
  1412.907959    0.000000     0.000000    0.000000    0.000000    0.000000    0.000000    0.000000    0.000000    0.000000    0.000000    0.000000    0.000000    0.000000    0.000000    0.000000    0.000000    0.000000    0.000000    0.000000    0.000000    0.000000
  1422.876953    0.000000     0.000000    0.000000    0.000000    0.000000    0.000000    0.000000    0.000000    0.000000    0.000000    0.000000    0.000000    0.000000    0.000000    0.000000    0.000000    0.000000    0.000000    0.000000    0.000000    0.000000
  1432.844971  549.111111   860.777778  215.000000  376.444444  555.777778   99.777778  509.111111  296.333333  392.888889  232.000000  326.111111  103.222222  168.000000  213.333333  466.888889  355.444444   57.111111   68.111111   47.333333  129.555556  182.444444
  1442.813965  418.111111   325.555556  104.555556  461.777778  317.666667  118.666667  254.777778  267.555556  220.666667  127.777778  197.000000   83.777778  157.222222  194.111111  295.888889  311.333333   51.111111   20.222222   33.555556  101.333333  118.111111
  1452.781982  139.555556   112.777778   90.333333  125.444444  102.333333   58.333333  136.000000   74.333333  101.000000   45.333333   57.222222   41.000000   65.222222   87.666667  130.666667  118.555556   12.777778   15.444444    9.222222   54.555556   81.444444
  1462.750000   93.333333   104.111111   73.777778   82.444444   70.777778   57.000000   87.555556   71.666667   83.111111   49.666667   73.333333   24.555556   49.111111   79.333333  117.555556   88.222222   17.888889   14.777778   11.555556   49.333333   58.222222
  1472.718018  114.666667   144.555556   64.777778   88.777778   68.666667   55.666667  130.444444   78.888889   85.111111   65.111111   74.000000   32.333333   44.777778   95.333333  134.111111   64.444444   15.222222   26.666667   13.222222   56.555556   63.777778
  1482.685059  110.111111    99.777778   48.222222   85.555556   94.666667   52.000000   63.000000   64.333333   84.333333   45.888889   62.444444   13.222222   33.333333   42.333333  110.333333   76.333333   15.555556    9.333333   11.222222   21.555556   52.333333
  1492.651978   41.333333    54.333333   24.111111   26.000000   35.000000   26.888889   42.777778   38.000000   33.555556   31.444444   15.777778    6.000000   13.111111   30.333333   44.555556   38.111111    5.555556    5.777778    8.000000   24.555556   33.000000
  1502.619019   25.222222    32.777778   17.666667   16.111111   19.222222   17.222222   28.777778   25.777778   25.777778   26.666667   11.222222    3.777778    7.777778   23.000000   35.333333   19.222222    8.111111    2.444444    3.666667   13.888889   21.888889
  1512.586060   16.666667    33.222222   12.000000   13.000000   23.000000   17.000000   27.777778   16.888889   18.888889   26.555556    3.777778    5.000000    5.666667   11.222222   30.333333   18.444444    9.555556    4.888889    4.000000   11.111111   21.000000
  1522.552002   18.444444    30.222222   16.000000   15.222222   11.666667   12.333333   26.666667   18.222222   17.444444   25.444444    7.222222    3.333333    4.000000    9.000000   26.888889   12.333333    3.444444    4.888889    1.888889   12.888889   15.444444
  1532.517944    9.222222    25.111111    8.888889    4.000000   10.000000    7.555556   22.666667   14.111111   12.000000   22.000000    5.000000    1.444444    3.000000    4.111111   18.666667   11.111111    6.666667    6.111111    4.000000    7.000000   12.111111
  1542.484009   25.222222    38.444444   11.333333    8.222222   18.444444    8.333333   19.666667   14.222222    8.555556   23.666667    8.444444    2.888889    4.777778    4.777778   27.111111   16.888889    4.777778    4.333333    5.111111    8.777778   11.111111
  1552.449951   18.555556    29.444444   13.000000    5.777778   12.555556   12.333333   22.222222   15.333333   10.333333   25.333333    2.555556    4.111111    5.444444    9.000000   26.222222   12.111111   11.777778    7.555556    5.000000   11.666667   13.888889
  1562.416016   14.444444    27.111111   12.666667    8.333333   14.000000   11.111111   24.666667    9.666667   13.555556   23.333333    4.222222    2.444444    3.222222    7.222222   22.888889   12.777778    8.222222    5.333333    3.666667   10.444444   14.666667
  1572.380981   14.888889    23.888889   10.888889    8.333333   12.666667   15.222222   20.444444   15.777778   14.333333   23.777778    7.666667    3.222222    6.111111   10.111111   26.333333   12.777778    9.888889    9.222222    5.111111   11.222222   11.222222
  1582.345947   11.111111    25.666667   10.333333    5.111111   15.555556   13.111111   22.666667   13.444444   15.000000   19.111111    3.444444    2.000000    4.333333    8.666667   22.111111   10.000000    6.000000    6.222222    5.555556    9.666667   15.888889
  1592.311035   14.666667    27.000000   13.000000    6.333333   13.333333   11.555556   22.777778   14.666667   15.444444   24.888889    4.666667    3.333333    4.000000   10.888889   23.555556   10.222222    9.666667    6.888889    3.222222   12.888889   12.888889
  1602.275024   18.222222    32.333333   15.333333    8.666667   16.222222   13.777778   23.555556   17.000000   18.666667   25.555556   11.111111    5.666667    6.555556   11.666667   27.111111   16.000000   11.777778    7.333333    7.111111   11.666667   17.777778
  1612.239990   11.000000    29.777778   13.000000    9.555556   12.555556    7.444444   24.222222   18.222222   14.666667   21.444444    4.444444    4.444444    5.111111    7.333333   22.666667   13.444444    7.666667    6.777778    6.444444   10.000000   14.444444
  1622.203979   16.111111    34.222222   14.777778    9.222222   15.111111   17.333333   26.777778   20.111111   19.333333   24.333333    7.444444    6.000000    9.333333   13.111111   26.000000   15.333333   13.444444   10.555556    8.777778   11.888889   20.777778
  1632.166992   17.111111    33.333333   16.000000    9.888889   18.111111   14.666667   25.333333   21.333333   16.666667   24.333333    8.333333    4.777778    4.444444   14.888889   25.666667   15.333333   10.888889    9.888889    8.666667   10.111111   17.444444
  1642.130981   21.000000    35.333333   14.333333    9.333333   15.555556   13.888889   23.555556   21.222222   19.777778   22.666667    7.777778    3.777778    9.111111   12.000000   27.888889   15.555556   10.777778    6.444444   11.555556   12.555556   17.555556
  1652.093994   17.000000    34.666667   13.000000   15.222222   17.444444   21.666667   25.000000   22.666667   17.333333   23.777778   10.444444    4.888889    6.222222   13.666667   24.000000   17.555556   14.666667    9.888889   11.222222   14.777778   17.666667
  1662.057007   18.555556    32.888889   17.000000   10.444444   15.777778   16.222222   26.333333   21.444444   17.666667   24.000000    8.666667    5.333333    9.666667   10.888889   27.333333   17.666667   12.333333   10.555556    7.000000   13.444444   19.444444
  