ENVI ASCII Plot File [Thu Jul 21 10:28:55 2016]
Column 1: Wavelength
Column 2: Mean: kelp 1.1~~2##255,0,0
Column 3: Mean: kelp 2.1~~22##0,139,0
Column 4: Mean: kelp 2.2~~4##0,0,255
Column 5: Mean: kelp 2.3~~5##255,255,0
Column 6: Mean: kelp 3.1~~6##0,255,255
Column 7: Mean: kelp 4.1~~7##255,0,255
Column 8: Mean: kelp 4.2~~28##139,139,0
Column 9: Mean: kelp 5.1~~31##0,139,139
Column 10: Mean: kelp 5.2~~19##139,0,0
Column 11: Mean: kelp 6.1~~3##0,255,0
Column 12: Mean: kelp 6.2~~25##0,0,139
Column 13: Mean: kelp 7.1~~11##255,127,80
   365.929810    0.000000    0.000000     0.000000     0.000000    0.000000     0.000000     0.000000     0.000000     0.000000    0.000000     0.000000     0.000000
   375.593994    0.000000    0.000000     0.000000     0.000000    0.000000     0.000000     0.000000     0.000000     0.000000    0.000000     0.000000     0.000000
   385.262512   30.222222   49.000000    29.333333    38.111111    3.777778     0.000000     0.000000     0.000000     0.000000    0.000000     0.000000     0.000000
   394.935486  146.777778  151.777778   161.000000   148.888889  137.000000     4.444444     8.777778    11.666667     2.222222   11.333333     2.666667     0.000000
   404.612915  172.222222  181.222222   173.555556   171.555556  160.555556    53.111111    46.555556    40.777778    36.777778   52.888889    43.666667     0.000000
   414.294586  165.888889  175.888889   169.000000   166.666667  165.666667    62.222222    62.444444    52.444444    56.222222   59.333333    62.888889    10.111111
   423.980804  177.444444  189.000000   182.444444   183.444444  167.777778    83.222222    83.777778    74.333333    69.777778   88.666667    85.333333    41.888889
   433.671295  194.000000  206.444444   191.222222   193.444444  197.000000   105.555556   106.555556    95.555556    96.222222  118.777778   119.222222    72.777778
   443.366211  191.333333  208.444444   201.888889   194.000000  199.222222   109.333333   113.111111   105.000000   103.777778  130.888889   135.222222    89.222222
   453.065491  178.555556  194.222222   192.333333   182.444444  191.333333   103.777778   106.333333    99.222222    95.333333  127.111111   134.111111    90.111111
   462.769196  178.111111  194.777778   187.888889   183.111111  201.444444   110.444444   113.222222   103.444444   101.666667  137.888889   147.111111   101.222222
   472.477295  154.777778  176.111111   165.222222   161.888889  183.000000    93.777778    99.444444    90.333333    88.000000  127.444444   137.333333    89.444444
   482.189789  149.666667  166.444444   161.000000   154.333333  178.444444    87.666667    94.444444    83.555556    83.666667  124.555556   138.000000    89.888889
   491.906586  137.000000  159.333333   149.333333   142.888889  171.666667    83.222222    88.000000    77.666667    78.444444  121.222222   136.444444    83.333333
   501.627899  124.555556  146.444444   140.333333   129.777778  161.000000    76.222222    82.777778    68.111111    68.888889  116.333333   132.888889    78.444444
   511.353485  115.777778  137.000000   128.777778   118.333333  151.333333    63.777778    70.333333    56.666667    60.333333  110.111111   129.888889    70.222222
   521.083618  119.222222  139.555556   132.222222   120.888889  157.555556    65.444444    74.111111    60.555556    62.333333  117.333333   140.666667    77.222222
   530.817993  110.666667  134.000000   124.888889   116.111111  151.111111    59.555556    69.444444    54.222222    56.333333  115.333333   141.444444    73.555556
   540.556824  119.111111  145.222222   134.777778   128.444444  162.777778    70.888889    82.111111    64.888889    67.666667  130.333333   159.666667    87.111111
   550.299988  121.777778  148.333333   140.111111   132.555556  163.222222    79.000000    87.000000    72.222222    74.777778  139.666667   175.555556    97.222222
   560.047729  123.111111  153.666667   143.333333   136.111111  168.222222    84.111111    94.111111    77.333333    80.555556  148.777778   188.555556   105.000000
   569.799622  125.444444  159.777778   150.666667   144.888889  176.555556    91.333333   102.000000    85.333333    89.000000  158.555556   208.000000   116.000000
   579.556030  110.888889  146.222222   134.666667   133.444444  159.666667    82.111111    91.333333    75.000000    77.333333  149.555556   201.111111   105.111111
   589.316772  129.888889  176.111111   166.222222   164.666667  180.777778   115.444444   119.333333   103.888889   112.555556  177.444444   238.000000   138.777778
   599.081909  103.000000  150.222222   138.333333   141.888889  148.333333    93.333333    94.222222    84.555556    94.222222  153.333333   214.444444   117.888889
   608.851501   69.111111  109.444444    99.333333   100.000000  106.000000    60.111111    59.333333    53.666667    58.111111  114.333333   167.666667    82.333333
   618.625427   54.111111   93.777778    81.555556    81.333333   88.333333    42.888889    43.888889    36.888889    42.555556   96.444444   146.000000    64.333333
   628.403687   49.222222   91.555556    83.333333    81.333333   85.888889    39.666667    41.555556    32.888889    40.666667   91.333333   141.000000    58.444444
   638.186523   47.111111   91.222222    80.888889    83.666667   84.777778    42.111111    42.444444    35.000000    44.888889   90.555556   145.222222    62.000000
   647.973572   62.222222  109.666667    97.333333   101.111111   99.333333    60.888889    60.777778    55.000000    62.777778  110.000000   166.222222    81.333333
   657.765076   48.555556   92.222222    80.777778    82.555556   78.666667    41.555556    44.888889    37.000000    45.111111   84.555556   130.333333    62.333333
   667.560974   30.888889   70.555556    60.555556    59.666667   57.555556    22.888889    28.000000    19.777778    24.666667   56.888889    92.444444    35.222222
   655.792297   47.777778   96.888889    79.888889    84.000000   76.888889    38.222222    43.000000    38.000000    43.000000   84.222222   132.333333    59.777778
   665.599426   29.777778   68.666667    60.111111    58.000000   55.888889    21.444444    26.000000    18.444444    22.666667   55.777778    91.111111    33.555556
   675.401184   37.000000   69.888889    65.222222    64.444444   55.666667    27.666667    31.888889    25.666667    31.888889   54.333333    87.222222    36.666667
   685.197876   62.666667   99.777778    95.666667    97.444444   81.777778    62.333333    63.000000    59.444444    64.111111   81.777778   125.111111    66.555556
   694.989380  159.333333  222.444444   215.111111   230.111111  181.666667   193.333333   176.222222   184.555556   198.333333  203.777778   297.888889   202.777778
   704.775574  357.888889  470.111111   482.444444   528.333333  386.888889   490.777778   435.000000   483.666667   547.333333  435.000000   593.111111   486.111111
   714.556580  589.555556  747.333333   820.333333   911.777778  642.333333   848.777778   760.000000   837.555556  1015.333333  673.444444   862.666667   796.444444
   724.332520  784.777778  994.888889  1151.222222  1289.666667  885.777778  1174.333333  1045.111111  1125.666667  1461.222222  868.666667  1086.444444  1048.666667
   734.103088  692.222222  883.888889  1058.111111  1180.444444  808.222222  1044.333333   920.888889   982.666667  1315.555556  756.777778   932.000000   911.333333
   743.868530  583.444444  751.888889   914.777778  1015.444444  694.000000   881.555556   769.666667   821.444444  1117.111111  639.000000   777.222222   762.111111
   753.628723  566.000000  727.888889   894.111111   988.000000  678.666667   852.555556   742.222222   794.777778  1078.333333  624.111111   754.000000   738.111111
   763.383728  554.222222  715.111111   885.555556   976.000000  670.666667   841.666667   730.000000   781.888889  1066.555556  619.777778   750.666667   728.333333
   773.133484  548.111111  706.777778   879.888889   973.444444  664.000000   839.222222   719.444444   776.000000  1065.777778  614.777778   751.555556   726.444444
   782.878113  559.000000  717.111111   894.555556   990.888889  676.444444   856.444444   736.000000   792.888889  1086.888889  631.333333   771.444444   747.555556
   792.617371  596.777778  763.222222   956.222222  1060.111111  719.444444   921.000000   786.111111   852.444444  1167.888889  676.777778   835.111111   803.666667
   802.351624  620.333333  790.555556   994.666667  1099.666667  743.777778   962.333333   815.444444   892.333333  1215.888889  709.000000   875.666667   844.222222
   812.080505  670.888889  850.000000  1076.000000  1191.444444  806.444444  1048.888889   888.888889   971.888889  1327.000000  772.222222   957.555556   917.777778
   821.804321  663.222222  844.777778  1074.777778  1193.666667  805.111111  1046.555556   883.555556   965.666667  1328.111111  765.222222   957.666667   912.666667
   831.522827  558.888889  710.777778   918.333333  1014.555556  686.777778   883.444444   737.222222   804.111111  1113.111111  643.555556   802.666667   757.777778
   841.236084  466.000000  595.222222   775.444444   851.777778  576.777778   733.222222   608.666667   658.000000   921.777778  534.666667   661.555556   624.444444
   850.944214  436.444444  559.222222   731.111111   793.777778  544.444444   679.777778   564.888889   609.444444   849.333333  501.111111   611.666667   579.666667
   860.647095  408.000000  522.444444   691.222222   751.222222  512.777778   637.333333   525.777778   568.555556   795.888889  469.555556   575.333333   539.222222
   870.344788  389.333333  497.222222   661.777778   714.888889  493.333333   607.888889   500.444444   540.444444   757.666667  449.777778   548.777778   513.444444
   880.037170  363.888889  462.111111   623.888889   671.444444  459.222222   567.444444   462.555556   499.444444   707.111111  416.888889   509.111111   476.222222
   889.724487  360.555556  461.000000   623.000000   669.444444  462.777778   565.444444   462.555556   497.444444   702.111111  415.555556   507.888889   471.888889
   899.406616  390.222222  500.444444   679.000000   733.555556  503.444444   622.666667   509.555556   543.222222   780.000000  451.555556   559.333333   513.333333
   909.083374  380.333333  487.666667   672.888889   726.888889  494.888889   618.333333   503.222222   535.888889   767.333333  443.222222   551.111111   507.777778
   918.755127  339.444444  434.222222   609.888889   654.444444  446.222222   547.555556   446.555556   478.111111   683.222222  396.444444   491.222222   449.777778
   928.421387  364.888889  465.222222   646.666667   687.888889  470.444444   580.888889   472.000000   501.555556   718.111111  420.666667   522.666667   476.000000
   938.082703  490.333333  630.888889   891.666667   963.222222  649.222222   827.777778   678.888889   731.555556  1033.888889  601.444444   744.111111   681.000000
   947.738708  286.333333  366.888889   488.222222   534.000000  362.333333   454.444444   374.000000   409.777778   569.222222  333.666667   401.666667   381.777778
   957.389526  226.777778  287.444444   374.111111   399.888889  279.222222   330.888889   268.888889   295.000000   405.222222  253.333333   295.222222   290.555556
   967.035095  135.333333  174.333333   240.555556   239.222222  173.333333   192.222222   153.333333   171.111111   231.888889  152.666667   175.111111   174.888889
   976.675476  106.333333  138.222222   193.777778   194.111111  136.888889   148.666667   116.555556   130.444444   180.222222  118.888889   138.111111   136.555556
   986.310608   83.666667  106.666667   160.333333   157.222222  107.888889   117.333333    88.777778   100.000000   139.555556   90.111111   106.555556   106.000000
   995.940613   75.777778  100.111111   150.888889   147.000000  103.555556   107.444444    81.333333    90.777778   129.222222   83.666667    97.222222    99.555556
  1005.565002   83.222222  108.666667   164.000000   161.333333  114.111111   120.444444    90.777778   102.777778   145.333333   94.222222   109.666667   109.333333
  1015.184998   95.222222  122.000000   189.444444   182.333333  128.000000   138.333333   104.888889   117.666667   164.666667  109.000000   125.888889   122.666667
  1024.798950  108.777778  142.000000   214.777778   209.666667  150.444444   164.000000   124.888889   137.777778   193.777778  125.777778   145.333333   139.666667
  1034.407959  117.222222  153.777778   241.222222   235.000000  163.444444   185.444444   140.333333   154.777778   218.888889  141.888889   163.888889   155.888889
  1044.011963  137.222222  179.555556   276.222222   272.111111  191.666667   215.666667   165.888889   180.777778   254.666667  166.888889   191.444444   181.222222
  1053.610962  150.888889  192.333333   301.555556   297.444444  208.777778   238.444444   182.000000   201.777778   281.333333  180.666667   211.444444   196.222222
  1063.203979  161.888889  212.777778   328.222222   322.444444  226.888889   262.888889   198.777778   221.000000   307.888889  199.222222   230.444444   215.666667
  1072.792969  160.666667  212.000000   331.444444   327.555556  228.222222   262.333333   200.000000   223.333333   314.222222  200.000000   233.555556   218.333333
  1082.375977  156.666667  204.777778   322.777778   318.333333  222.000000   257.000000   194.000000   216.111111   305.111111  194.666667   226.444444   212.444444
  1091.953979  156.888889  204.555556   321.555556   317.666667  221.000000   257.777778   193.333333   217.000000   304.777778  196.000000   225.222222   212.000000
  1101.526001  164.333333  221.444444   341.888889   338.666667  230.333333   270.333333   206.888889   231.666667   327.111111  204.000000   239.222222   227.333333
  1111.093994  164.555556  226.222222   356.222222   356.000000  231.111111   296.111111   220.888889   254.333333   369.111111  216.888889   253.888889   242.000000
  1120.656006  259.111111  362.111111   481.777778   500.222222  327.555556   491.222222   366.111111   449.222222   646.111111  360.666667   392.444444   403.666667
  1130.213013  253.555556  349.000000   412.666667   396.666667  295.222222   402.666667   315.000000   381.000000   502.777778  302.888889   315.222222   351.333333
  1139.765015  137.000000  179.666667   227.555556   242.000000  167.222222   210.777778   161.000000   208.222222   282.666667  172.888889   186.000000   198.444444
  1149.311035  179.000000  213.222222   260.444444   269.000000  196.888889   248.333333   191.777778   226.888889   290.333333  192.444444   210.000000   219.666667
  1158.853027   80.444444   99.444444   131.777778   123.444444   89.666667   106.888889    82.333333   102.333333   137.777778   87.222222    99.111111   114.888889
  1168.389038   58.111111   70.000000    97.777778    88.333333   63.666667    72.333333    47.111111    63.111111    84.222222   59.333333    63.777778    77.444444
  1177.920044   52.222222   61.888889    84.666667    76.333333   55.222222    58.444444    43.111111    53.444444    71.444444   51.333333    54.111111    65.333333
  1187.446045   40.111111   49.777778    70.222222    66.333333   48.444444    50.333333    30.333333    45.222222    64.444444   41.000000    46.333333    53.888889
  1196.965942   41.111111   48.555556    65.888889    61.666667   43.000000    47.777778    32.111111    39.333333    56.777778   40.222222    44.333333    55.000000
  1206.482056   28.333333   32.666667    48.666667    48.000000   30.555556    35.222222    18.888889    28.222222    44.333333   27.000000    29.333333    40.666667
  1215.991943   34.111111   41.000000    59.555556    55.222222   38.000000    39.777778    23.111111    33.666667    50.111111   30.888889    37.000000    48.444444
  1225.496948   30.888889   35.111111    57.444444    48.666667   34.222222    35.000000    20.444444    29.555556    41.777778   27.555556    31.777778    43.777778
  1234.995972   32.444444   39.888889    55.666667    48.555556   33.333333    36.000000    22.000000    33.222222    42.888889   30.333333    31.000000    44.333333
  1244.490967   31.000000   34.444444    56.888889    49.666667   32.777778    32.000000    20.555556    28.888889    40.333333   29.222222    28.000000    42.222222
  1253.979980   28.888889   36.666667    49.444444    44.666667   29.333333    30.777778    17.333333    25.888889    39.666667   25.888889    26.222222    39.555556
  1263.463989   28.555556   37.555556    48.777778    40.888889   27.333333    31.888889    17.000000    27.888889    40.777778   27.888889    25.666667    41.000000
  1253.373047   29.000000   36.666667    51.000000    44.666667   29.333333    30.888889    17.222222    25.777778    39.444444   25.888889    26.222222    39.777778
  1263.345947   38.888889   45.444444    24.555556    40.555556   40.444444    31.333333    25.222222    30.000000    44.555556   17.222222    29.444444    40.000000
  1273.317993   26.555556   52.777778    35.222222    49.000000   44.000000    41.777778    25.777778    26.222222    52.777778   36.666667    27.666667    45.000000
  1283.291016   35.555556   45.555556    42.777778    43.444444   29.666667    34.888889    33.111111    42.666667    54.000000   28.000000    40.777778    42.111111
  1293.261963   43.444444   39.888889    52.444444    63.444444   55.555556    48.888889    42.222222    35.000000    64.333333   29.333333    39.666667    54.000000
  1303.234009   40.444444   61.777778    58.777778    52.666667   48.777778    44.888889    42.555556    47.666667    63.000000   31.777778    49.444444    59.777778
  1313.206055   41.666667   47.666667    51.777778    57.555556   47.777778    53.666667    42.000000    47.111111    66.333333   34.888889    48.777778    63.000000
  1323.177002    0.000000    0.000000     0.000000     0.000000    0.000000     0.000000     0.000000     0.000000     0.000000    0.000000     0.000000     0.000000
  1333.147949    0.000000    0.000000     0.000000     0.000000    0.000000     0.000000     0.000000     0.000000     0.000000    0.000000     0.000000     0.000000
  1343.119019    0.000000    0.000000     0.000000     0.000000    0.000000     0.000000     0.000000     0.000000     0.000000    0.000000     0.000000     0.000000
  1353.088989    0.000000    0.000000     0.000000     0.000000    0.000000     0.000000     0.000000     0.000000     0.000000    0.000000     0.000000     0.000000
  1363.060059    0.000000    0.000000     0.000000     0.000000    0.000000     0.000000     0.000000     0.000000     0.000000    0.000000     0.000000     0.000000
  1373.030029    0.000000    0.000000     0.000000     0.000000    0.000000     0.000000     0.000000     0.000000     0.000000    0.000000     0.000000     0.000000
  1383.000000    0.000000    0.000000     0.000000     0.000000    0.000000     0.000000     0.000000     0.000000     0.000000    0.000000     0.000000     0.000000
  1392.968994    0.000000    0.000000     0.000000     0.000000    0.000000     0.000000     0.000000     0.000000     0.000000    0.000000     0.000000     0.000000
  1402.938965    0.000000    0.000000     0.000000     0.000000    0.000000     0.000000     0.000000     0.000000     0.000000    0.000000     0.000000     0.000000
  1412.907959    0.000000    0.000000     0.000000     0.000000    0.000000     0.000000     0.000000     0.000000     0.000000    0.000000     0.000000     0.000000
  1422.876953    0.000000    0.000000     0.000000     0.000000    0.000000     0.000000     0.000000     0.000000     0.000000    0.000000     0.000000     0.000000
  1432.844971  559.888889  289.888889   404.222222   714.222222  447.777778   730.444444   694.888889   659.555556   704.888889  296.666667   445.444444   507.000000
  1442.813965  395.000000  336.222222   523.222222   446.444444  232.222222   411.333333   362.888889   437.888889   458.444444  234.777778   415.777778   342.000000
  1452.781982  102.666667  124.444444   123.666667   162.444444  103.888889   132.222222   116.000000   148.444444   195.000000   86.888889   103.333333   108.000000
  1462.750000   82.000000   86.555556   130.444444   112.444444   48.555556   133.555556   123.777778    91.222222   101.888889   64.555556    74.222222   129.111111
  1472.718018  108.111111   83.222222    90.333333   121.666667   84.666667   114.111111   100.444444   125.888889   103.000000   88.000000   107.333333   142.555556
  1482.685059   73.333333   51.555556    86.777778    75.222222   76.222222    91.333333    94.333333    84.666667   102.222222   69.111111    73.222222    95.444444
  1492.651978   29.222222   26.777778    38.888889    43.222222   24.111111    41.444444    26.666667    32.000000    49.444444   26.333333    38.444444    46.777778
  1502.619019   22.222222   19.000000    17.222222    23.555556   15.888889    16.000000    19.444444    19.000000    26.333333   16.666667    20.333333    29.666667
  1512.586060   14.333333   14.666667    16.111111    20.444444   15.777778    15.000000    11.777778    13.666667    23.333333   10.444444    14.666667    20.555556
  1522.552002   10.777778   12.888889    17.000000    11.555556   10.777778    13.222222     5.000000    11.888889    24.222222    5.000000    13.111111    23.777778
  1532.517944    6.000000   10.888889     7.333333    12.000000    8.666667    10.222222     4.666667     8.111111    16.777778    5.777778     8.000000    14.333333
  1542.484009   13.111111    6.333333     9.666667    14.111111    6.222222    10.333333    10.333333    12.666667    13.666667    8.555556    13.666667    18.555556
  1552.449951   11.222222   11.000000    11.666667    12.444444   10.888889    15.555556     5.111111     8.111111    17.000000    5.777778    12.111111    21.111111
  1562.416016    9.555556   10.555556    11.555556    10.777778    8.444444    10.888889     8.000000     8.666667    18.555556    8.333333     9.444444    16.777778
  1572.380981   12.000000   14.222222    11.000000    10.555556   10.444444    11.000000    10.333333    13.000000    16.444444   10.111111    11.222222    20.333333
  1582.345947    9.888889   11.555556    11.888889    15.000000   11.333333    13.444444     6.333333     6.333333    17.777778    7.333333    10.555556    17.444444
  1592.311035    9.777778   13.888889    14.666667    16.333333    8.666667    12.888889     5.555556    10.444444    17.000000    7.555556    12.000000    19.777778
  1602.275024   12.555556   16.777778    12.555556    19.000000   14.444444    17.888889     9.888889    14.444444    17.888889   10.888889    14.444444    22.555556
  1612.239990   11.222222   14.000000    11.666667    11.111111   12.555556    12.555556     7.000000     8.888889    13.000000    8.555556    11.333333    17.777778
  1622.203979   13.888889   18.666667    14.222222    19.666667   14.000000    14.000000    10.555556    13.333333    17.000000    9.444444    13.777778    23.888889
  1632.166992   12.888889   20.111111    13.333333    18.666667   11.777778    16.000000    10.888889    13.333333    19.333333   10.333333    12.444444    20.111111
  1642.130981   11.555556   16.666667    20.333333    15.555556   12.444444    12.111111     9.777778    11.666667    21.000000    9.333333    14.777778    22.333333
  1652.093994   14.111111   16.000000    15.777778    16.111111   14.555556    19.333333    10.222222    15.666667    20.333333    9.666667    13.333333    21.555556
  1662.057007    9.888889   20.555556    16.333333    17.222222   13.333333    16.111111    13.222222    11.111111    18.000000   10.444444    14.222222    23.444444
