ENVI ASCII Plot File [Tue Jul 19 17:54:37 2016]
Column 1: Wavelength
Column 2: Mean: kelp 1.1~~2##255,0,0
Column 3: Mean: kelp 1.2~~22##0,139,0
Column 4: Mean: kelp 2.1~~4##0,0,255
Column 5: Mean: kelp 2.2~~5##255,255,0
Column 6: Mean: kelp 3.1~~6##0,255,255
Column 7: Mean: kelp 3.2~~7##255,0,255
Column 8: Mean: kelp 3.3~~28##139,139,0
Column 9: Mean: kelp 3.4~~31##0,139,139
Column 10: Mean: kelp 3.5~~19##139,0,0
Column 11: Mean: kelp 3.6~~3##0,255,0
Column 12: Mean: kelp 3.7~~25##0,0,139
Column 13: Mean: kelp 4.1~~11##255,127,80
Column 14: Mean: kelp 4.2~~15##127,255,0
Column 15: Mean: kelp 4.3~~13##218,112,214
Column 16: Mean: kelp 5.1~~18##205,0,0
Column 17: Mean: kelp 6.1~~9##46,139,87
Column 18: Mean: kelp 6.2~~25##0,0,139
   365.929810    0.000000    0.000000    0.000000    0.000000    0.000000    0.000000    0.000000    0.000000    0.000000    0.000000    0.000000    0.000000    0.000000    0.000000    0.000000    0.000000    0.000000
   375.593994    0.000000    0.000000    0.000000    0.000000    0.000000    0.000000    0.000000    0.000000    0.000000    0.000000    0.000000    0.000000    0.000000    0.000000    0.000000    0.000000    0.000000
   385.262512   37.333333   26.666667   51.777778   14.222222   13.555556    1.111111    0.000000    0.000000    0.000000    0.000000    8.888889   16.444444    7.777778    0.000000    0.000000    0.000000    0.000000
   394.935486  195.222222  204.000000  197.222222  177.111111  163.111111  154.777778  119.111111   74.444444  102.444444  122.222222  152.111111  171.888889  169.777778  138.111111   70.111111   39.333333  104.000000
   404.612915  220.333333  236.444444  231.666667  207.444444  197.666667  183.111111  143.888889  111.666667  140.222222  150.333333  175.444444  196.666667  203.111111  183.555556  107.222222   91.000000  160.111111
   414.294586  243.000000  249.888889  255.444444  222.000000  201.555556  186.222222  159.111111  133.444444  153.444444  181.222222  188.666667  218.222222  216.222222  203.222222  139.666667  125.555556  180.777778
   423.980804  272.444444  285.666667  282.888889  257.000000  234.333333  218.777778  191.111111  159.666667  179.333333  203.555556  220.222222  250.777778  253.444444  236.666667  160.666667  160.000000  228.000000
   433.671295  313.666667  333.333333  333.888889  297.666667  277.333333  262.666667  231.222222  202.111111  219.555556  247.333333  265.111111  299.222222  297.555556  282.777778  198.222222  199.333333  271.444444
   443.366211  342.111111  364.444444  362.222222  324.555556  300.777778  289.333333  252.888889  226.444444  244.888889  267.000000  287.000000  324.666667  326.333333  306.333333  216.111111  221.444444  305.555556
   453.065491  354.222222  382.111111  382.333333  342.333333  313.111111  298.888889  270.444444  237.666667  261.555556  278.333333  296.777778  336.444444  345.666667  325.666667  220.333333  233.555556  324.777778
   462.769196  376.444444  404.222222  403.666667  360.333333  334.111111  318.000000  282.222222  250.111111  273.111111  297.333333  315.222222  359.333333  364.444444  341.555556  241.222222  251.555556  357.222222
   472.477295  369.777778  406.222222  405.333333  354.666667  324.555556  309.000000  273.666667  241.888889  260.444444  286.555556  306.777778  357.444444  362.222222  340.777778  233.222222  247.777778  361.222222
   482.189789  378.000000  415.555556  408.888889  360.555556  327.444444  310.888889  270.444444  240.444444  261.222222  292.000000  307.555556  357.888889  363.333333  346.222222  240.222222  256.444444  379.666667
   491.906586  375.333333  419.666667  411.000000  358.111111  322.111111  303.000000  263.666667  236.555556  252.111111  286.333333  300.000000  356.777778  363.333333  348.000000  241.222222  256.111111  387.666667
   501.627899  370.666667  416.111111  408.333333  351.777778  309.111111  293.666667  254.777778  228.111111  239.555556  279.333333  291.777778  348.666667  356.111111  343.111111  234.666667  253.444444  388.222222
   511.353485  360.111111  409.111111  401.333333  342.555556  299.111111  280.444444  240.666667  217.111111  229.555556  268.111111  277.333333  338.333333  345.222222  334.333333  229.111111  245.888889  377.888889
   521.083618  367.444444  416.666667  408.444444  348.222222  302.888889  278.222222  242.333333  221.555556  230.888889  275.888889  282.444444  341.666667  348.666667  339.888889  234.666667  249.222222  383.333333
   530.817993  362.444444  413.888889  404.666667  343.666667  296.111111  271.666667  236.111111  217.000000  223.777778  270.222222  273.888889  336.111111  341.222222  335.000000  230.888889  244.111111  378.777778
   540.556824  373.333333  426.777778  417.777778  355.444444  305.666667  281.555556  246.333333  228.888889  233.555556  281.666667  282.111111  346.555556  350.333333  347.222222  243.888889  256.111111  391.222222
   550.299988  374.000000  427.222222  417.888889  357.666667  306.222222  281.555556  247.666667  231.000000  236.222222  282.555556  281.888889  345.888889  349.888889  348.777778  247.111111  256.444444  389.444444
   560.047729  375.111111  426.222222  420.222222  356.222222  304.444444  278.888889  249.777778  233.555556  235.666667  285.444444  280.444444  343.333333  347.444444  346.222222  248.222222  255.888889  382.888889
   569.799622  371.222222  418.222222  416.666667  353.777778  299.000000  276.666667  245.777778  231.777778  230.222222  283.666667  273.777778  336.000000  341.777778  345.666667  249.888889  250.333333  368.555556
   579.556030  345.888889  391.555556  392.000000  330.000000  278.111111  254.000000  226.000000  215.555556  213.111111  263.555556  252.444444  309.777778  317.777778  319.111111  231.111111  225.111111  329.222222
   589.316772  337.666667  372.333333  380.222222  325.333333  275.222222  253.444444  229.555556  224.222222  214.222222  270.777778  245.444444  302.000000  306.444444  310.111111  230.333333  211.333333  286.111111
   599.081909  288.666667  316.888889  328.333333  281.111111  237.222222  216.666667  194.555556  193.111111  181.000000  236.000000  210.777778  258.666667  261.888889  261.111111  193.222222  169.666667  215.222222
   608.851501  250.222222  276.111111  289.000000  242.444444  202.333333  183.555556  163.000000  159.444444  150.111111  201.333333  178.666667  223.111111  226.111111  222.222222  154.888889  135.777778  174.000000
   618.625427  233.777778  257.555556  272.000000  224.888889  187.444444  166.777778  147.666667  142.333333  135.333333  186.777778  163.333333  205.777778  211.333333  206.888889  141.777778  120.666667  156.444444
   628.403687  224.888889  246.444444  261.666667  216.222222  181.333333  161.222222  141.666667  133.666667  128.111111  176.666667  156.111111  198.333333  200.000000  196.777778  134.000000  111.888889  144.555556
   638.186523  223.222222  242.555556  257.000000  211.444444  176.666667  157.000000  138.888889  132.444444  124.222222  176.111111  155.222222  194.222222  197.555556  193.666667  133.777778  109.777778  136.333333
   647.973572  226.555556  241.444444  256.000000  214.888889  182.777778  164.333333  146.000000  138.444444  130.000000  180.666667  158.333333  197.222222  201.111111  198.777778  141.222222  110.444444  131.777778
   657.765076  211.333333  225.444444  240.222222  201.888889  171.333333  153.777778  133.111111  125.666667  118.555556  166.111111  147.555556  185.222222  186.444444  183.555556  128.222222  101.555556  121.000000
   667.560974  191.444444  206.888889  220.666667  183.333333  157.000000  139.555556  119.888889  109.666667  107.111111  151.000000  135.111111  172.333333  172.666667  165.333333  112.222222   85.444444  102.555556
   655.792297  211.444444  224.111111  239.555556  199.222222  168.888889  149.777778  132.333333  123.222222  116.111111  167.000000  145.666667  182.777778  188.111111  184.111111  127.888889   94.777778  113.111111
   665.599426  189.000000  204.444444  217.777778  180.888889  154.111111  136.888889  117.555556  107.555556  104.777778  148.888889  132.777778  170.555556  169.888889  163.444444  110.333333   83.666667  101.222222
   675.401184  182.777778  196.666667  212.000000  177.000000  152.444444  135.666667  119.888889  112.444444  108.222222  149.222222  132.555556  164.000000  169.222222  161.111111  111.111111   83.777778   94.888889
   685.197876  189.777778  202.444444  217.666667  185.888889  166.666667  152.555556  135.888889  131.333333  124.333333  162.777778  144.666667  171.000000  175.111111  171.444444  120.555556   91.555556   96.555556
   694.989380  236.888889  233.333333  248.666667  227.555556  215.777778  202.777778  193.333333  189.888889  171.111111  214.111111  182.666667  201.000000  207.888889  211.000000  175.888889  118.333333  103.111111
   704.775574  317.666667  290.777778  306.444444  316.222222  315.444444  313.000000  315.555556  315.111111  259.222222  318.111111  258.333333  258.888889  271.666667  285.555556  276.000000  167.666667  112.888889
   714.556580  388.555556  345.222222  355.111111  402.222222  424.333333  434.555556  453.000000  451.444444  358.333333  415.111111  330.888889  316.555556  335.555556  362.444444  375.222222  211.555556  117.555556
   724.332520  439.555556  378.666667  379.111111  457.666667  506.555556  534.222222  558.222222  547.333333  436.888889  482.333333  376.666667  364.555556  374.777778  416.333333  438.000000  227.555556  111.000000
   734.103088  421.333333  358.222222  353.777778  430.111111  487.555556  509.222222  537.555556  515.222222  422.666667  452.888889  349.666667  347.000000  354.888889  395.666667  402.555556  199.777778   97.111111
   743.868530  400.222222  339.333333  334.555556  404.000000  461.666667  476.000000  501.444444  477.777778  400.888889  422.333333  327.111111  330.444444  335.222222  372.555556  366.555556  179.333333   92.222222
   753.628723  409.777778  347.888889  346.555556  412.333333  469.333333  482.666667  507.111111  485.000000  409.555556  431.777778  336.555556  344.555556  346.777778  380.777778  372.000000  188.000000  101.000000
   763.383728  409.555556  349.888889  349.444444  412.444444  469.444444  481.666667  506.333333  480.333333  410.000000  433.333333  333.111111  347.888889  350.111111  380.888889  370.333333  186.333333  103.666667
   773.133484  409.444444  345.777778  345.111111  409.888889  467.333333  478.888889  501.777778  478.777778  406.444444  428.666667  327.888889  343.222222  346.888889  374.777778  362.888889  172.777778   90.222222
   782.878113  416.888889  354.444444  352.333333  418.666667  477.444444  486.444444  514.444444  491.000000  415.555556  437.666667  336.888889  352.777778  355.000000  380.777778  369.555556  179.111111   92.777778
   792.617371  431.111111  363.333333  364.555556  432.666667  491.777778  503.111111  531.666667  510.444444  428.555556  455.555556  346.888889  363.777778  366.555556  392.888889  384.555556  185.888889   97.222222
   802.351624  439.333333  371.444444  372.888889  442.000000  503.222222  516.666667  544.555556  526.111111  441.333333  469.000000  356.444444  372.888889  376.000000  402.777778  394.000000  192.888889   99.111111
   812.080505  461.666667  389.333333  391.333333  466.000000  528.111111  545.444444  575.777778  555.333333  465.000000  496.555556  375.444444  392.222222  396.111111  422.111111  416.555556  206.444444  106.555556
   821.804321  455.777778  380.888889  382.222222  457.333333  519.333333  535.444444  567.555556  548.888889  456.666667  487.111111  366.888889  386.888889  389.222222  414.333333  409.555556  197.333333   98.333333
   831.522827  426.888889  353.666667  356.666667  420.333333  481.888889  492.222222  519.666667  497.111111  420.555556  442.666667  335.333333  362.666667  362.000000  383.111111  371.333333  172.444444   88.666667
   841.236084  396.555556  330.777778  333.666667  388.111111  446.222222  454.222222  474.888889  450.777778  385.555556  407.333333  307.333333  337.111111  337.222222  352.444444  332.555556  152.222222   77.222222
   850.944214  397.444444  331.666667  337.000000  388.000000  442.555556  447.888889  467.888889  442.777778  383.111111  400.666667  307.888889  342.555556  339.888889  351.555556  329.888889  154.444444   85.333333
   860.647095  388.222222  320.888889  328.222222  374.888889  429.555556  434.222222  451.333333  427.666667  372.333333  388.777778  296.111111  334.777778  330.555556  340.111111  318.444444  146.888889   79.555556
   870.344788  383.111111  318.888889  324.111111  370.000000  423.555556  427.222222  445.000000  418.555556  364.555556  384.222222  292.666667  331.444444  327.222222  336.333333  314.111111  144.333333   79.444444
   880.037170  369.777778  303.222222  309.888889  355.111111  406.000000  410.333333  425.888889  399.444444  348.111111  366.666667  278.777778  316.555556  312.888889  321.333333  297.555556  133.222222   71.333333
   889.724487  374.444444  309.444444  315.444444  358.777778  412.222222  414.444444  430.000000  404.000000  355.000000  372.333333  283.444444  322.333333  317.666667  326.777778  305.000000  137.000000   74.666667
   899.406616  381.888889  312.777778  317.000000  366.777778  420.111111  425.777778  444.222222  418.222222  365.333333  383.555556  287.333333  327.111111  318.666667  332.222222  319.888889  141.000000   73.333333
   909.083374  375.333333  301.777778  304.777778  354.111111  409.444444  415.444444  434.333333  408.222222  354.888889  375.111111  275.888889  315.000000  309.888889  325.111111  310.111111  132.888889   70.222222
   918.755127  354.333333  285.555556  290.222222  333.666667  384.777778  387.333333  404.777778  377.222222  331.666667  350.222222  258.666667  297.888889  291.777778  303.666667  291.111111  124.888889   62.222222
   928.421387  371.888889  304.222222  303.555556  350.111111  404.222222  407.555556  427.777778  402.888889  353.444444  368.333333  274.666667  314.333333  306.333333  319.555556  310.555556  138.333333   77.333333
   938.082703  396.444444  330.888889  327.888889  388.555556  442.000000  460.000000  482.777778  465.222222  401.000000  417.222222  310.444444  346.000000  341.333333  366.444444  361.222222  175.333333  103.555556
   947.738708  305.555556  255.333333  267.111111  300.000000  335.444444  336.777778  350.666667  332.555556  284.222222  304.333333  234.222222  269.333333  269.888889  271.888889  246.888889  109.333333   59.222222
   957.389526  303.555556  255.333333  268.888889  288.888889  326.444444  322.888889  329.888889  308.333333  278.333333  293.888889  231.222222  270.333333  271.777778  262.888889  232.444444  109.888889   63.555556
   967.035095  269.111111  230.555556  248.222222  252.111111  277.555556  270.111111  273.000000  251.222222  235.000000  247.000000  204.777778  240.222222  235.111111  226.000000  191.222222   91.777778   60.333333
   976.675476  243.777778  212.111111  227.000000  227.111111  249.333333  241.333333  243.777778  223.000000  207.444444  220.777778  184.333333  222.333333  214.222222  202.333333  167.000000   80.000000   52.555556
   986.310608  232.777778  200.444444  214.333333  212.000000  233.777778  224.555556  223.222222  201.111111  193.222222  206.222222  173.444444  208.222222  200.666667  187.444444  154.777778   73.111111   48.555556
   995.940613  224.444444  194.000000  208.888889  204.777778  226.111111  216.666667  216.222222  196.444444  186.111111  201.777778  167.111111  200.888889  194.666667  180.666667  147.666667   68.444444   49.111111
  1005.565002  232.333333  199.777778  216.000000  214.444444  235.444444  225.888889  226.222222  207.111111  197.222222  210.000000  175.000000  209.333333  203.666667  189.777778  161.111111   74.888889   53.111111
  1015.184998  242.000000  207.555556  220.111111  222.555556  245.777778  238.000000  238.444444  219.888889  208.111111  221.333333  182.111111  216.777778  212.444444  201.222222  171.555556   79.444444   54.000000
  1024.798950  253.666667  216.333333  230.555556  235.222222  258.888889  253.444444  254.888889  235.111111  221.444444  234.222222  189.444444  227.000000  221.444444  214.555556  185.666667   86.222222   59.222222
  1034.407959  259.888889  220.000000  233.222222  241.444444  267.777778  260.555556  266.000000  246.666667  228.888889  240.222222  191.777778  231.555556  225.777778  221.111111  191.333333   87.333333   55.666667
  1044.011963  273.666667  231.000000  242.222222  254.777778  281.666667  277.000000  284.777778  264.666667  244.666667  257.000000  203.444444  241.111111  238.666667  234.555556  209.555556   96.444444   61.555556
  1053.610962  279.222222  232.888889  244.333333  258.444444  287.222222  285.666667  292.222222  272.444444  249.000000  265.222222  205.333333  247.666667  242.444444  236.888889  216.555556   96.333333   59.222222
  1063.203979  288.555556  241.000000  253.000000  271.111111  299.777778  295.444444  306.000000  287.111111  260.888889  275.666667  213.444444  255.000000  252.777778  250.333333  227.666667  102.666667   62.555556
  1072.792969  285.333333  238.666667  251.111111  268.777778  297.555556  293.777778  307.222222  287.555556  261.777778  274.666667  212.444444  255.555556  250.555556  250.111111  227.000000   98.777778   61.111111
  1082.375977  282.444444  235.000000  248.333333  264.222222  293.666667  289.888889  301.666667  282.888889  257.444444  270.888889  208.111111  250.888889  247.333333  244.555556  221.000000   97.555556   59.666667
  1091.953979  284.222222  235.111111  250.777778  264.888889  295.222222  291.222222  301.444444  283.555556  257.888889  274.000000  208.444444  250.666667  249.000000  244.000000  220.000000   97.555556   62.000000
  1101.526001  282.111111  233.333333  247.444444  266.111111  295.222222  292.000000  303.888889  287.888889  259.555556  269.777778  208.333333  250.666667  246.444444  245.555556  220.444444   95.222222   56.666667
  1111.093994  271.888889  222.444444  234.000000  255.000000  286.555556  284.777778  297.666667  283.555556  250.000000  263.111111  196.444444  236.222222  234.888889  235.222222  207.666667   86.555556   48.666667
  1120.656006  263.555556  218.444444  227.444444  260.777778  294.111111  301.333333  309.000000  309.777778  267.000000  279.111111  206.666667  218.555556  237.777778  252.222222  215.333333   91.555556   54.333333
  1130.213013  240.666667  208.777778  211.000000  234.444444  264.555556  270.444444  279.888889  273.888889  243.444444  263.111111  190.333333  216.888889  223.000000  231.222222  211.333333   87.888889   51.444444
  1139.765015  215.111111  180.888889  189.333333  201.222222  227.555556  219.555556  228.777778  208.111111  189.000000  208.777778  163.888889  187.222222  188.444444  182.555556  149.444444   64.777778   43.000000
  1149.311035  232.444444  200.333333  207.222222  217.000000  242.444444  237.444444  244.000000  206.666667  196.666667  216.666667  175.333333  205.222222  202.000000  195.111111  165.777778   77.333333   52.444444
  1158.853027  200.444444  174.444444  192.555556  186.777778  200.111111  191.000000  190.555556  162.888889  160.000000  176.000000  150.666667  181.666667  174.666667  165.555556  120.111111   50.444444   41.444444
  1168.389038  189.444444  171.111111  190.000000  177.888889  184.888889  172.555556  174.444444  147.666667  147.333333  162.333333  142.888889  176.888889  169.333333  152.222222  111.666667   53.777778   41.888889
  1177.920044  183.444444  169.555556  190.555556  172.222222  179.555556  169.555556  166.444444  140.777778  141.888889  154.222222  142.888889  174.111111  167.000000  148.111111  108.111111   55.111111   46.222222
  1187.446045  173.333333  158.333333  179.555556  165.222222  170.777778  157.333333  154.555556  129.777778  134.444444  146.666667  131.555556  164.333333  155.888889  135.555556   97.000000   46.666667   40.777778
  1196.965942  174.111111  161.777778  179.555556  163.111111  168.777778  158.444444  154.777778  127.777778  133.111111  147.888889  133.444444  167.000000  159.666667  137.777778   97.888889   48.000000   41.777778
  1206.482056  161.888889  149.777778  171.333333  152.666667  156.111111  144.888889  141.444444  118.222222  124.222222  132.666667  121.888889  154.111111  148.777778  126.111111   86.444444   38.888889   31.666667
  1215.991943  172.555556  159.555556  181.444444  159.555556  166.555556  155.777778  150.555556  126.666667  130.444444  144.111111  130.777778  166.444444  158.333333  133.777778   93.444444   46.000000   42.444444
  1225.496948  170.111111  156.444444  179.000000  158.444444  163.777778  150.444444  146.555556  124.777778  130.333333  144.444444  128.888889  165.444444  157.222222  133.333333   89.777778   43.333333   39.777778
  1234.995972  174.222222  163.000000  186.333333  162.000000  165.111111  154.888889  154.333333  130.666667  133.888889  147.555556  136.222222  171.333333  164.444444  137.888889   93.777778   49.777778   46.444444
  1244.490967  172.444444  160.111111  183.555556  162.222222  164.444444  154.444444  152.555556  129.777778  133.333333  146.111111  133.555556  169.777778  165.777778  136.444444   91.777778   47.333333   47.777778
  1253.979980  167.777778  158.333333  181.777778  159.555556  163.555556  151.000000  149.333333  127.666667  131.666667  144.000000  131.666667  164.666667  159.555556  137.000000   89.111111   44.555556   45.333333
  1263.463989  166.000000  155.777778  183.555556  158.666667  160.444444  147.888889  149.222222  125.888889  130.111111  143.555556  129.888889  166.222222  159.888889  138.444444   89.111111   45.111111   48.222222
  1253.373047  167.888889  158.333333  181.333333  159.666667  163.333333  151.000000  149.000000  128.000000  131.666667  143.333333  130.666667  164.777778  159.000000  137.000000   89.000000   44.444444   45.666667
  1263.345947  168.222222  161.888889  175.111111  159.666667  165.777778  162.666667  144.888889  130.666667  138.111111  151.444444  122.444444  169.000000  157.222222  133.111111   87.000000   50.444444   37.888889
  1273.317993  170.333333  160.222222  175.000000  165.444444  167.555556  153.222222  148.777778  135.666667  140.444444  166.000000  135.888889  171.555556  154.222222  130.666667   91.666667   51.444444   39.888889
  1283.291016  174.000000  163.222222  172.888889  168.555556  173.333333  160.555556  150.555556  140.000000  130.555556  147.222222  132.111111  169.888889  161.222222  134.111111   93.777778   51.777778   42.000000
  1293.261963  182.000000  170.555556  182.666667  173.222222  178.666667  176.444444  157.333333  147.333333  144.444444  165.111111  140.444444  175.000000  165.222222  137.222222   94.000000   53.333333   40.000000
  1303.234009  183.111111  166.000000  180.222222  166.666667  175.111111  169.666667  162.000000  144.222222  142.555556  152.888889  142.444444  171.222222  168.777778  140.555556   94.666667   56.666667   35.222222
  1313.206055  180.111111  161.555556  182.555556  162.444444  172.666667  171.888889  159.555556  143.777778  138.888889  152.444444  137.555556  170.888889  171.444444  135.777778   95.444444   55.555556   40.555556
  1323.177002    0.000000    0.000000    0.000000    0.000000    0.000000    0.000000    0.000000    0.000000    0.000000    0.000000    0.000000    0.000000    0.000000    0.000000    0.000000    0.000000    0.000000
  1333.147949    0.000000    0.000000    0.000000    0.000000    0.000000    0.000000    0.000000    0.000000    0.000000    0.000000    0.000000    0.000000    0.000000    0.000000    0.000000    0.000000    0.000000
  1343.119019    0.000000    0.000000    0.000000    0.000000    0.000000    0.000000    0.000000    0.000000    0.000000    0.000000    0.000000    0.000000    0.000000    0.000000    0.000000    0.000000    0.000000
  1353.088989    0.000000    0.000000    0.000000    0.000000    0.000000    0.000000    0.000000    0.000000    0.000000    0.000000    0.000000    0.000000    0.000000    0.000000    0.000000    0.000000    0.000000
  1363.060059    0.000000    0.000000    0.000000    0.000000    0.000000    0.000000    0.000000    0.000000    0.000000    0.000000    0.000000    0.000000    0.000000    0.000000    0.000000    0.000000    0.000000
  1373.030029    0.000000    0.000000    0.000000    0.000000    0.000000    0.000000    0.000000    0.000000    0.000000    0.000000    0.000000    0.000000    0.000000    0.000000    0.000000    0.000000    0.000000
  1383.000000    0.000000    0.000000    0.000000    0.000000    0.000000    0.000000    0.000000    0.000000    0.000000    0.000000    0.000000    0.000000    0.000000    0.000000    0.000000    0.000000    0.000000
  1392.968994    0.000000    0.000000    0.000000    0.000000    0.000000    0.000000    0.000000    0.000000    0.000000    0.000000    0.000000    0.000000    0.000000    0.000000    0.000000    0.000000    0.000000
  1402.938965    0.000000    0.000000    0.000000    0.000000    0.000000    0.000000    0.000000    0.000000    0.000000    0.000000    0.000000    0.000000    0.000000    0.000000    0.000000    0.000000    0.000000
  1412.907959    0.000000    0.000000    0.000000    0.000000    0.000000    0.000000    0.000000    0.000000    0.000000    0.000000    0.000000    0.000000    0.000000    0.000000    0.000000    0.000000    0.000000
  1422.876953    0.000000    0.000000    0.000000    0.000000    0.000000    0.000000    0.000000    0.000000    0.000000    0.000000    0.000000    0.000000    0.000000    0.000000    0.000000    0.000000    0.000000
  1432.844971  234.000000  160.333333  196.222222  247.777778  252.000000  297.111111  246.000000  246.222222  160.000000  279.222222  132.000000  149.222222  150.777778  204.444444  194.444444  131.444444   74.444444
  1442.813965  189.888889  170.000000  178.888889  200.111111  201.333333  184.888889  205.333333  203.555556  151.444444  160.888889  162.444444  171.555556  182.555556  184.333333  164.000000   78.000000   52.444444
  1452.781982  146.333333  127.444444  136.777778  144.555556  143.111111  138.777778  141.444444  129.555556  118.666667  114.888889  110.333333  118.111111  102.444444  124.000000   71.888889   41.777778   20.000000
  1462.750000  147.000000  127.888889  127.111111  144.666667  141.222222  129.555556  121.222222  100.555556  109.222222  118.000000  100.000000  124.777778  128.666667  114.777778   85.000000   41.333333   21.000000
  1472.718018  148.111111  126.777778  135.444444  140.444444  143.444444  136.888889  137.666667  111.555556  100.777778  133.555556  108.333333  121.222222  123.444444  129.333333   91.666667   42.888889   31.777778
  1482.685059  142.888889  124.333333  129.888889  130.555556  145.000000  147.555556  119.000000   90.444444  111.333333  116.888889  102.000000  123.222222  113.444444  113.555556   83.777778   43.222222   27.888889
  1492.651978  134.000000  119.555556  130.555556  126.333333  126.777778  114.333333  105.666667   76.888889   84.555556  104.111111   95.222222  117.777778  107.888889   96.444444   63.777778   35.555556   26.000000
  1502.619019  119.333333  117.333333  129.000000  115.000000  116.000000  103.444444   87.888889   67.333333   72.111111   90.888889   89.222222  109.777778  104.888889   93.666667   58.000000   28.444444   24.000000
  1512.586060  122.000000  116.111111  129.666667  113.444444  114.444444  104.111111   88.555556   61.555556   74.222222   93.111111   90.222222  113.555556  103.555556   87.777778   57.333333   30.111111   26.222222
  1522.552002  116.333333  114.333333  128.333333  105.777778  113.777778   98.777778   80.777778   58.444444   69.222222   88.111111   85.000000  109.555556   98.111111   86.777778   52.666667   31.111111   21.555556
  1532.517944  114.000000  110.333333  122.000000  104.666667  106.222222   91.777778   81.777778   55.777778   65.333333   84.777778   82.888889  104.444444   99.555556   82.444444   48.333333   24.888889   23.444444
  1542.484009  112.222222  106.777778  111.555556   99.666667  103.222222   95.222222   76.555556   62.888889   71.111111   85.666667   80.222222  103.000000  102.888889   74.777778   53.000000   27.555556   26.222222
  1552.449951  119.777778  115.222222  125.888889  110.777778  110.666667   98.111111   83.444444   57.777778   71.333333   89.000000   90.111111  108.888889  104.888889   86.333333   56.666667   30.777778   26.444444
  1562.416016  117.555556  113.444444  126.888889  108.111111  108.444444   96.333333   84.000000   58.222222   68.000000   90.666667   85.111111  107.666667  101.777778   83.111111   53.000000   28.444444   28.111111
  1572.380981  115.222222  112.000000  122.444444  108.666667  107.222222   95.777778   83.111111   60.888889   68.111111   85.444444   86.333333  107.555556  101.777778   85.222222   52.333333   29.555556   28.333333
  1582.345947  116.888889  114.555556  125.000000  108.555556  109.555556   94.777778   86.444444   63.333333   69.000000   88.333333   87.111111  108.666667  104.222222   85.777778   51.444444   31.555556   31.444444
  1592.311035  121.222222  115.222222  130.777778  114.444444  114.333333   97.222222   86.555556   63.444444   71.111111   93.777778   88.111111  113.222222  108.000000   88.444444   56.555556   29.777778   27.444444
  1602.275024  123.444444  116.777778  129.444444  112.111111  113.111111  100.111111   89.666667   65.333333   73.000000   93.000000   92.555556  116.222222  106.000000   90.444444   56.555556   32.111111   30.222222
  1612.239990  118.111111  113.000000  125.555556  108.666667  107.666667   98.444444   86.333333   59.222222   73.000000   88.444444   89.222222  107.666667  105.555556   83.111111   53.444444   30.444444   24.333333
  1622.203979  126.444444  120.444444  131.666667  115.777778  115.111111  100.444444   90.444444   64.666667   76.111111   90.444444   92.444444  115.333333  108.000000   91.000000   56.666667   32.444444   31.000000
  1632.166992  120.777778  119.000000  128.777778  112.555556  112.888889  100.444444   87.888889   66.000000   72.222222   91.333333   91.000000  113.444444  108.222222   89.666667   55.444444   33.666667   30.333333
  1642.130981  123.222222  116.555556  129.444444  112.444444  113.666667   98.444444   87.222222   64.222222   72.777778   95.888889   88.888889  114.111111  105.222222   86.000000   55.000000   34.222222   27.333333
  1652.093994  123.777778  120.444444  129.777778  113.666667  113.666667  100.333333   91.444444   64.555556   74.444444   93.111111   89.888889  113.666667  108.111111   92.333333   58.222222   34.111111   30.444444
  1662.057007  119.333333  116.555556  126.777778  113.333333  113.222222  100.000000   88.000000   65.222222   71.555556   97.000000   92.888889  112.666667  105.333333   91.111111   58.000000   31.888889   28.666667
