ENVI ASCII Plot File [Tue Jul 19 18:30:04 2016]
Column 1: Wavelength
Column 2: Mean: kelp 1.1~~2##255,0,0
Column 3: Mean: kelp 1.2~~22##0,139,0
Column 4: Mean: kelp 2.1~~4##0,0,255
Column 5: Mean: kelp 2.2~~5##255,255,0
Column 6: Mean: kelp 3.1~~6##0,255,255
Column 7: Mean: kelp 3.2~~7##255,0,255
Column 8: Mean: kelp 4.1~~28##139,139,0
Column 9: Mean: kelp 5.1~~31##0,139,139
Column 10: Mean: kelp 6.1~~19##139,0,0
Column 11: Mean: kelp 7.1~~3##0,255,0
Column 12: Mean: kelp 8.1~~25##0,0,139
Column 13: Mean: kelp 9.1~~11##255,127,80
Column 14: Mean: kelp 10.1~~15##127,255,0
   365.929810   175.222222  163.777778   139.666667  177.444444   178.777778  168.222222   163.000000  147.000000  161.333333  163.555556  185.555556  132.333333    5.111111
   375.593994   186.777778  193.666667   214.777778  192.333333   183.888889  187.444444   206.000000  195.666667  212.888889  196.666667  209.777778  163.888889   24.777778
   385.262512   470.000000  434.555556   471.333333  458.444444   459.555556  426.555556   454.333333  458.222222  435.111111  452.555556  464.777778  409.333333  316.555556
   394.935486   547.111111  548.111111   567.888889  558.333333   557.111111  554.333333   546.444444  559.111111  564.888889  540.777778  546.666667  520.666667  446.111111
   404.612915   545.000000  537.111111   538.555556  560.111111   546.222222  539.888889   538.777778  555.555556  548.777778  533.444444  543.222222  518.000000  474.333333
   414.294586   509.333333  505.666667   516.555556  525.555556   524.666667  509.111111   517.666667  531.000000  522.555556  510.888889  519.333333  497.777778  467.222222
   423.980804   500.333333  493.333333   492.666667  512.777778   510.666667  498.666667   506.555556  517.555556  518.777778  500.222222  511.111111  493.888889  464.111111
   433.671295   489.333333  484.111111   484.888889  503.555556   505.666667  499.777778   498.111111  512.888889  508.222222  495.777778  504.777778  491.777778  460.222222
   443.366211   479.333333  478.000000   482.444444  494.000000   497.777778  486.111111   490.666667  502.444444  505.777778  487.444444  498.888889  481.777778  458.777778
   453.065491   463.444444  462.777778   466.777778  478.555556   482.888889  474.333333   478.333333  492.111111  488.333333  476.222222  486.777778  477.777778  451.333333
   462.769196   460.222222  457.444444   463.000000  477.555556   479.111111  472.444444   474.555556  490.444444  484.777778  476.333333  486.222222  482.222222  455.555556
   472.477295   439.222222  434.111111   438.555556  454.777778   458.555556  448.222222   455.222222  470.888889  469.666667  458.222222  470.222222  463.555556  442.555556
   482.189789   427.222222  424.000000   428.222222  445.666667   449.888889  439.333333   444.444444  461.111111  458.222222  447.000000  464.333333  459.000000  435.111111
   491.906586   412.222222  409.111111   414.666667  433.111111   434.666667  426.111111   433.000000  450.666667  447.333333  436.777778  454.333333  452.666667  429.222222
   501.627899   396.666667  394.777778   399.666667  417.333333   423.333333  414.444444   418.000000  439.666667  431.777778  424.444444  442.444444  440.666667  418.000000
   511.353485   382.666667  377.111111   385.222222  400.333333   408.333333  398.777778   403.333333  423.000000  416.666667  409.222222  427.888889  429.333333  402.888889
   521.083618   377.111111  372.888889   381.000000  394.888889   401.000000  394.222222   399.666667  418.777778  410.666667  401.222222  426.333333  427.666667  401.222222
   530.817993   364.555556  361.888889   367.888889  380.888889   389.888889  380.888889   388.111111  407.111111  398.777778  389.000000  415.777778  418.333333  390.666667
   540.556824   368.111111  366.555556   370.666667  383.555556   394.777778  384.888889   392.666667  411.888889  403.888889  392.888889  420.555556  425.555556  395.555556
   550.299988   370.111111  367.333333   372.111111  385.222222   394.888889  385.777778   395.111111  414.555556  405.444444  392.888889  421.444444  428.444444  397.555556
   560.047729   371.888889  366.333333   374.555556  387.000000   398.222222  390.555556   398.777778  416.555556  409.222222  394.333333  425.777778  433.777778  401.666667
   569.799622   374.444444  368.444444   376.444444  386.555556   400.222222  390.111111   404.777778  419.333333  411.333333  393.444444  428.333333  439.000000  402.444444
   579.556030   364.222222  358.000000   365.777778  376.111111   387.000000  381.000000   393.222222  408.888889  401.666667  382.888889  416.888889  427.666667  393.222222
   589.316772   385.666667  375.777778   389.444444  392.888889   405.333333  397.666667   410.333333  422.111111  413.777778  394.111111  431.444444  442.000000  406.111111
   599.081909   367.333333  359.444444   370.888889  377.444444   391.666667  379.888889   395.333333  406.555556  398.222222  378.444444  416.333333  421.444444  389.444444
   608.851501   335.000000  329.000000   337.777778  350.000000   361.000000  351.444444   360.777778  375.111111  367.555556  351.333333  383.111111  389.333333  361.555556
   618.625427   316.555556  311.333333   318.222222  331.111111   341.888889  332.555556   341.333333  356.888889  349.555556  337.555556  365.111111  368.333333  343.888889
   628.403687   307.888889  305.111111   313.888889  324.111111   334.777778  322.666667   334.000000  349.666667  343.555556  326.333333  359.666667  363.444444  335.444444
   638.186523   308.555556  305.111111   314.444444  322.000000   336.111111  324.666667   333.222222  351.444444  341.888889  329.111111  358.333333  363.888889  338.555556
   647.973572   323.111111  315.777778   328.555556  334.444444   350.555556  339.888889   347.000000  362.222222  354.555556  337.222222  371.111111  375.444444  348.444444
   657.765076   300.666667  300.000000   309.666667  315.777778   332.222222  318.333333   325.000000  344.000000  335.888889  322.888889  351.111111  355.444444  332.444444
   667.560974   283.888889  284.444444   290.444444  300.222222   314.777778  305.111111   305.111111  326.777778  319.555556  308.888889  333.555556  337.888889  318.222222
   655.792297   302.777778  300.555556   309.777778  315.777778   330.555556  323.111111   324.333333  345.888889  342.111111  322.333333  353.444444  357.888889  335.444444
   665.599426   281.111111  281.666667   287.888889  297.555556   312.555556  302.444444   302.555556  324.222222  316.444444  306.000000  330.444444  335.444444  315.888889
   675.401184   288.000000  289.222222   294.666667  300.444444   318.222222  307.666667   306.666667  334.444444  325.444444  310.111111  335.777778  345.111111  328.111111
   685.197876   318.111111  316.888889   326.222222  329.444444   347.555556  338.555556   333.333333  361.777778  350.333333  334.555556  358.888889  370.666667  354.666667
   694.989380   440.777778  423.333333   449.777778  422.888889   460.777778  448.000000   454.888889  465.111111  446.333333  410.222222  460.444444  468.555556  448.000000
   704.775574   693.333333  634.444444   714.333333  613.666667   695.333333  672.666667   691.222222  660.333333  638.111111  549.666667  653.111111  651.555556  628.888889
   714.556580   921.000000  814.222222   972.777778  776.777778   905.888889  879.888889   903.888889  821.555556  795.444444  658.666667  809.111111  804.666667  778.111111
   724.332520  1040.666667  892.000000  1140.222222  846.777778  1016.222222  993.111111  1024.888889  894.111111  867.111111  692.444444  869.444444  863.333333  844.666667
   734.103088   941.222222  803.111111  1035.888889  765.333333   910.777778  899.555556   930.666667  806.444444  784.888889  622.111111  782.222222  770.777778  756.888889
   743.868530   843.555556  722.666667   927.333333  692.666667   818.222222  809.000000   837.444444  728.777778  713.777778  564.444444  710.555556  694.888889  683.111111
   753.628723   823.555556  708.444444   904.111111  678.777778   798.444444  789.888889   820.333333  712.444444  698.666667  556.888889  698.888889  677.555556  666.555556
   763.383728   806.555556  694.666667   888.111111  667.222222   787.666667  778.666667   808.777778  700.000000  686.888889  546.666667  691.000000  669.000000  655.444444
   773.133484   802.444444  681.222222   886.333333  657.444444   782.777778  771.555556   803.888889  693.222222  678.555556  534.000000  681.888889  656.111111  644.555556
   782.878113   806.777778  686.555556   892.555556  663.777778   787.222222  773.777778   811.000000  698.000000  679.111111  536.777778  685.777778  661.000000  646.666667
   792.617371   834.777778  706.444444   929.000000  683.111111   816.333333  799.888889   839.444444  719.555556  698.888889  550.444444  706.888889  681.777778  666.555556
   802.351624   854.777778  725.222222   952.555556  698.666667   836.777778  817.444444   859.000000  736.555556  712.444444  562.444444  725.333333  696.777778  680.666667
   812.080505   894.777778  751.444444   998.444444  726.777778   873.000000  855.222222   897.888889  765.777778  737.666667  581.111111  750.777778  726.000000  709.666667
   821.804321   874.777778  735.222222   981.777778  707.444444   853.555556  836.222222   881.555556  745.888889  720.111111  563.777778  728.555556  699.888889  685.222222
   831.522827   780.666667  657.111111   872.111111  634.888889   760.555556  749.444444   790.888889  670.111111  650.555556  509.888889  655.222222  628.444444  616.666667
   841.236084   699.000000  589.000000   774.777778  571.444444   681.111111  669.888889   708.333333  604.444444  589.777778  465.000000  596.222222  564.444444  556.000000
   850.944214   670.333333  572.111111   741.666667  555.111111   654.444444  647.888889   681.888889  583.444444  569.555556  457.444444  578.000000  547.333333  539.333333
   860.647095   644.222222  548.888889   710.000000  534.777778   627.555556  620.666667   657.222222  561.777778  551.777778  441.777778  558.555556  528.555556  521.333333
   870.344788   624.444444  533.222222   687.777778  520.222222   610.222222  603.777778   639.444444  546.555556  533.888889  431.555556  543.444444  513.000000  506.555556
   880.037170   594.333333  505.666667   657.888889  493.888889   581.111111  574.555556   609.888889  522.333333  510.666667  411.444444  518.777778  489.444444  484.111111
   889.724487   589.222222  503.888889   650.333333  494.444444   576.222222  570.000000   605.888889  518.555556  508.888889  410.777778  518.444444  484.888889  481.444444
   899.406616   609.444444  516.444444   677.222222  500.000000   590.777778  588.222222   627.111111  528.333333  518.333333  413.555556  524.222222  494.888889  489.333333
   909.083374   596.222222  501.666667   661.888889  488.444444   576.333333  576.222222   612.444444  517.333333  505.222222  402.444444  507.333333  479.000000  477.000000
   918.755127   556.555556  468.888889   614.222222  457.555556   537.444444  536.333333   571.555556  482.777778  471.888889  378.444444  474.666667  449.666667  446.333333
   928.421387   575.666667  485.222222   635.555556  470.222222   559.444444  555.555556   597.000000  501.000000  492.222222  393.333333  495.666667  466.555556  468.111111
   938.082703   642.444444  539.555556   723.666667  524.666667   611.333333  612.888889   655.222222  540.111111  526.444444  419.777778  537.444444  513.222222  499.444444
   947.738708   492.222222  428.777778   538.666667  423.111111   489.333333  476.111111   502.777778  438.111111  424.777778  350.888889  438.222222  414.777778  407.000000
   957.389526   461.666667  410.555556   498.000000  410.888889   468.777778  455.333333   474.666667  426.333333  420.666667  357.888889  439.444444  407.333333  402.000000
   967.035095   374.888889  345.444444   397.555556  353.222222   391.555556  381.444444   396.444444  370.333333  364.111111  326.222222  384.222222  356.333333  355.333333
   976.675476   334.000000  311.777778   354.555556  325.555556   357.555556  340.888889   357.222222  338.666667  329.888889  300.000000  352.222222  324.555556  323.000000
   986.310608   306.111111  289.333333   322.777778  302.000000   327.000000  312.555556   331.333333  314.777778  309.333333  285.000000  330.000000  303.777778  304.333333
   995.940613   292.888889  276.555556   308.777778  288.111111   315.777778  300.888889   316.222222  301.444444  296.000000  274.222222  316.666667  293.111111  293.777778
  1005.565002   302.666667  286.222222   320.333333  298.888889   322.111111  310.444444   326.888889  309.222222  303.333333  281.888889  326.111111  301.666667  301.222222
  1015.184998   315.888889  293.777778   332.888889  307.333333   333.666667  320.777778   336.888889  317.111111  310.888889  286.777778  333.666667  307.444444  306.777778
  1024.798950   330.333333  305.555556   351.333333  318.111111   346.888889  337.444444   353.666667  327.777778  323.777778  293.222222  342.444444  317.888889  317.000000
  1034.407959   342.444444  314.888889   365.222222  323.555556   357.666667  344.666667   366.555556  333.888889  330.444444  295.000000  349.111111  322.333333  321.333333
  1044.011963   362.888889  328.888889   387.777778  335.444444   374.333333  364.111111   384.888889  349.444444  344.555556  304.111111  363.555556  336.333333  335.444444
  1053.610962   373.000000  334.444444   400.888889  341.888889   381.222222  374.777778   396.222222  355.000000  346.888889  307.222222  369.333333  340.555556  341.000000
  1063.203979   387.000000  349.222222   417.111111  354.000000   396.333333  385.222222   410.777778  365.777778  359.222222  312.888889  380.222222  350.777778  348.555556
  1072.792969   387.777778  347.333333   415.444444  355.111111   394.888889  385.222222   410.333333  365.444444  361.111111  312.444444  378.888889  350.111111  347.555556
  1082.375977   381.666667  342.666667   410.222222  349.222222   389.777778  381.111111   403.444444  359.888889  354.444444  309.222222  373.777778  345.222222  343.222222
  1091.953979   382.444444  343.777778   412.000000  348.222222   390.444444  382.333333   404.111111  361.111111  353.777778  309.777778  374.666667  346.555556  344.222222
  1101.526001   395.333333  352.333333   426.666667  357.000000   403.111111  391.888889   416.222222  368.555556  361.777778  312.777778  380.555556  350.444444  347.777778
  1111.093994   402.888889  357.888889   439.777778  360.333333   412.444444  399.555556   425.111111  371.666667  366.444444  306.444444  378.777778  352.888889  348.444444
  1120.656006   489.333333  424.000000   561.444444  405.555556   491.555556  468.666667   495.555556  418.333333  404.444444  321.222222  429.333333  396.111111  382.777778
  1130.213013   447.444444  411.888889   513.777778  383.222222   465.000000  432.111111   464.000000  401.000000  392.555556  308.555556  411.555556  371.888889  360.000000
  1139.765015   365.111111  336.444444   407.333333  327.777778   376.111111  355.333333   378.666667  343.555556  328.000000  274.333333  350.333333  324.666667  311.222222
  1149.311035   384.555556  361.555556   442.333333  356.777778   409.888889  375.666667   402.222222  372.333333  351.000000  303.111111  385.000000  352.222222  335.777778
  1158.853027   315.555556  300.444444   345.888889  308.555556   345.333333  317.555556   337.777778  320.777778  309.888889  276.666667  338.111111  312.111111  305.777778
  1168.389038   274.333333  268.222222   294.555556  277.000000   309.888889  284.777778   302.777778  293.222222  283.888889  267.222222  312.555556  288.333333  283.666667
  1177.920044   260.222222  255.444444   276.888889  270.333333   295.000000  272.666667   283.666667  281.777778  271.000000  258.222222  298.444444  276.333333  271.444444
  1187.446045   245.555556  242.333333   264.111111  258.222222   283.333333  259.111111   273.444444  268.666667  260.222222  251.444444  288.777778  266.777778  263.222222
  1196.965942   245.777778  244.000000   259.888889  255.666667   281.111111  255.222222   268.333333  268.555556  259.444444  247.777778  287.000000  264.555556  261.111111
  1206.482056   230.222222  227.777778   243.666667  245.555556   264.777778  243.777778   255.888889  254.333333  245.000000  236.777778  275.666667  251.777778  247.111111
  1215.991943   236.222222  235.333333   251.888889  249.888889   272.444444  249.333333   262.333333  262.777778  251.444444  246.555556  281.222222  259.333333  255.111111
  1225.496948   227.666667  226.555556   242.111111  243.333333   262.666667  239.444444   250.888889  252.444444  242.777778  239.222222  274.777778  251.000000  248.777778
  1234.995972   227.888889  224.555556   240.222222  243.777778   262.666667  238.888889   251.444444  252.666667  246.222222  243.222222  276.222222  251.000000  248.888889
  1244.490967   221.000000  223.555556   231.888889  238.777778   256.222222  228.777778   245.888889  247.888889  240.444444  236.333333  268.333333  245.777778  245.000000
  1253.979980   214.666667  218.333333   229.111111  233.111111   251.000000  228.666667   240.111111  242.111111  237.111111  233.000000  265.222222  243.666667  238.555556
  1263.463989   213.555556  218.444444   228.111111  231.222222   250.111111  225.777778   235.666667  240.111111  233.555556  232.111111  267.111111  240.444444  232.666667
  1253.373047   214.666667  217.888889   228.777778  233.333333   251.000000  229.000000   239.555556  241.777778  235.555556  232.222222  264.777778  243.777778  238.666667
  1263.345947   228.222222  223.111111   225.888889  238.444444   255.444444  231.222222   238.333333  245.666667  249.888889  232.888889  284.666667  258.111111  260.666667
  1273.317993   225.444444  224.555556   230.333333  238.222222   260.333333  243.666667   254.222222  253.222222  254.555556  236.555556  268.111111  252.666667  252.333333
  1283.291016   232.666667  227.666667   238.000000  240.111111   256.555556  242.111111   245.555556  253.444444  251.888889  243.444444  274.888889  255.666667  245.888889
  1293.261963   240.444444  232.666667   242.555556  239.444444   262.555556  245.222222   256.444444  261.777778  258.444444  242.000000  275.777778  261.777778  256.888889
  1303.234009   239.222222  233.555556   252.666667  254.333333   276.555556  247.888889   260.333333  266.555556  259.444444  253.777778  279.000000  262.000000  263.888889
  1313.206055   255.888889  241.888889   261.111111  254.666667   272.666667  257.777778   269.777778  269.111111  262.666667  243.333333  288.111111  275.444444  273.555556
  1323.177002     0.000000    0.000000     0.000000    0.000000     0.000000    0.000000     0.000000    0.000000    0.000000    0.000000    0.000000    0.000000    0.000000
  1333.147949     0.000000    0.000000     0.000000    0.000000     0.000000    0.000000     0.000000    0.000000    0.000000    0.000000    0.000000    0.000000    0.000000
  1343.119019     0.000000    0.000000     0.000000    0.000000     0.000000    0.000000     0.000000    0.000000    0.000000    0.000000    0.000000    0.000000    0.000000
  1353.088989     0.000000    0.000000     0.000000    0.000000     0.000000    0.000000     0.000000    0.000000    0.000000    0.000000    0.000000    0.000000    0.000000
  1363.060059     0.000000    0.000000     0.000000    0.000000     0.000000    0.000000     0.000000    0.000000    0.000000    0.000000    0.000000    0.000000    0.000000
  1373.030029     0.000000    0.000000     0.000000    0.000000     0.000000    0.000000     0.000000    0.000000    0.000000    0.000000    0.000000    0.000000    0.000000
  1383.000000     0.000000    0.000000     0.000000    0.000000     0.000000    0.000000     0.000000    0.000000    0.000000    0.000000    0.000000    0.000000    0.000000
  1392.968994     0.000000    0.000000     0.000000    0.000000     0.000000    0.000000     0.000000    0.000000    0.000000    0.000000    0.000000    0.000000    0.000000
  1402.938965     0.000000    0.000000     0.000000    0.000000     0.000000    0.000000     0.000000    0.000000    0.000000    0.000000    0.000000    0.000000    0.000000
  1412.907959     0.000000    0.000000     0.000000    0.000000     0.000000    0.000000     0.000000    0.000000    0.000000    0.000000    0.000000    0.000000    0.000000
  1422.876953     0.000000    0.000000     0.000000    0.000000     0.000000    0.000000     0.000000    0.000000    0.000000    0.000000    0.000000    0.000000    0.000000
  1432.844971   552.333333  399.777778   576.444444  407.222222   517.777778  399.666667   470.333333  404.111111  415.555556  339.666667  425.555556  429.888889  364.555556
  1442.813965   452.555556  386.555556   485.444444  382.222222   477.888889  414.000000   473.777778  396.444444  399.888889  323.444444  400.000000  387.666667  378.222222
  1452.781982   309.888889  279.111111   328.777778  274.222222   335.222222  294.111111   330.111111  298.666667  291.666667  235.333333  304.777778  286.333333  288.000000
  1462.750000   306.555556  278.222222   336.000000  279.111111   331.444444  313.555556   316.888889  305.555556  295.333333  263.444444  311.777778  291.333333  287.444444
  1472.718018   297.222222  269.444444   324.666667  265.222222   336.000000  321.222222   323.222222  303.777778  269.555556  251.777778  312.888889  269.333333  293.666667
  1482.685059   290.000000  272.888889   296.333333  262.555556   312.000000  279.777778   309.666667  295.444444  276.000000  255.555556  302.888889  279.888889  278.777778
  1492.651978   238.111111  228.000000   246.333333  238.555556   277.000000  257.666667   258.000000  262.777778  255.555556  233.888889  272.222222  255.222222  260.000000
  1502.619019   209.444444  203.555556   213.555556  221.666667   242.222222  225.444444   233.444444  237.888889  233.555556  223.000000  244.333333  230.444444  239.888889
  1512.586060   204.000000  199.666667   205.666667  213.555556   234.888889  221.000000   223.000000  233.000000  220.666667  221.888889  243.222222  226.777778  237.555556
  1522.552002   194.000000  190.000000   195.666667  200.111111   223.111111  204.111111   223.222222  223.222222  215.666667  219.111111  228.111111  217.222222  232.555556
  1532.517944   184.444444  182.777778   181.444444  202.555556   214.666667  205.111111   204.555556  215.777778  212.444444  206.111111  223.111111  211.888889  221.111111
  1542.484009   183.888889  184.666667   179.888889  199.888889   213.777778  204.444444   215.555556  217.222222  209.333333  216.333333  220.111111  215.666667  230.666667
  1552.449951   186.888889  185.888889   188.333333  204.444444   220.333333  207.444444   210.777778  219.888889  213.111111  208.777778  227.333333  215.666667  227.888889
  1562.416016   187.111111  186.111111   186.333333  205.777778   214.777778  203.888889   207.111111  217.000000  211.222222  210.666667  224.333333  215.000000  222.333333
  1572.380981   183.111111  180.111111   182.444444  199.111111   215.444444  197.666667   202.888889  215.222222  207.333333  204.777778  223.222222  213.444444  222.000000
  1582.345947   183.444444  182.222222   183.111111  202.666667   216.333333  200.666667   204.888889  218.444444  210.888889  208.444444  225.333333  216.111111  220.888889
  1592.311035   188.777778  185.222222   185.222222  206.333333   220.888889  203.000000   207.777778  223.777778  218.111111  216.111111  231.222222  216.777778  224.222222
  1602.275024   188.555556  186.333333   188.555556  207.222222   215.222222  206.222222   208.222222  220.000000  212.666667  210.222222  228.444444  214.666667  225.888889
  1612.239990   182.000000  184.222222   184.444444  202.444444   215.555556  202.555556   204.888889  219.111111  210.777778  209.000000  223.222222  213.666667  219.444444
  1622.203979   190.222222  189.444444   190.111111  208.555556   220.444444  210.222222   210.777778  223.555556  215.444444  212.666667  233.000000  222.111111  227.000000
  1632.166992   188.222222  187.555556   186.555556  205.333333   216.888889  203.777778   208.333333  220.000000  214.333333  209.777778  225.666667  216.888889  226.000000
  1642.130981   187.777778  185.777778   186.222222  204.777778   218.777778  209.777778   206.000000  220.222222  211.555556  211.222222  227.777778  216.555556  222.000000
  1652.093994   187.777778  184.888889   190.777778  206.222222   217.444444  209.222222   211.111111  220.666667  211.222222  211.888889  227.444444  217.111111  222.666667
  1662.057007   186.666667  183.888889   188.000000  203.666667   216.222222  204.444444   207.333333  221.555556  212.333333  210.222222  226.555556  217.000000  225.111111
