ENVI ASCII Plot File [Mon Jul 18 13:24:43 2016]
Column 1: Wavelength
Column 2: Mean: kelp 1.1~~2##255,0,0
Column 3: Mean: kelp 1.2~~22##0,139,0
Column 4: Mean: kelp 1.3~~4##0,0,255
Column 5: Mean: kelp 2.1~~5##255,255,0
Column 6: Mean: kelp 2.2~~6##0,255,255
Column 7: Mean: kelp 2.3~~7##255,0,255
Column 8: Mean: kelp 3.1~~28##139,139,0
Column 9: Mean: kelp 3.2~~31##0,139,139
Column 10: Mean: kelp 4.1~~19##139,0,0
Column 11: Mean: kelp 4.2~~3##0,255,0
   365.929810     0.000000    0.000000    0.000000    0.000000    0.000000    0.000000     0.000000    0.000000    0.000000    0.000000
   375.593994     0.000000    0.000000    0.000000    0.000000    0.000000    0.000000     0.000000    0.000000    0.000000    0.000000
   385.262512     0.000000    0.000000    0.000000    0.000000    0.000000    0.000000     0.000000    0.000000    0.000000    0.000000
   394.935486     0.000000    0.000000    0.000000    0.000000    0.000000    0.000000     0.000000    0.000000    0.000000    0.000000
   404.612915     0.000000    0.000000    0.000000    0.000000    0.000000    0.000000     0.000000    0.000000    0.000000    0.000000
   414.294586     0.000000    0.000000    0.000000    0.000000    0.000000    0.000000     0.000000    0.000000    0.000000    0.000000
   423.980804     0.000000    0.000000    0.000000    0.000000    0.000000    0.000000     0.000000    0.000000    0.000000    0.000000
   433.671295     4.888889   15.555556    8.000000   16.888889    4.777778    8.222222     0.000000   23.333333    7.333333    0.000000
   443.366211    24.111111   36.000000   25.666667   39.666667   32.222222   36.000000     2.444444   47.111111   28.555556   14.666667
   453.065491    28.666667   42.888889   27.888889   46.444444   44.333333   42.333333     7.888889   58.333333   39.222222   22.666667
   462.769196    46.111111   63.444444   45.111111   61.333333   56.666667   62.777778    27.222222   78.222222   56.666667   39.333333
   472.477295    36.000000   54.888889   32.888889   54.333333   49.555556   55.777778    18.111111   75.111111   48.444444   31.000000
   482.189789    39.777778   60.666667   40.777778   58.666667   52.666667   60.111111    17.888889   82.888889   56.888889   35.666667
   491.906586    37.000000   58.444444   35.888889   58.333333   54.111111   64.888889    15.444444   80.777778   55.555556   38.555556
   501.627899    35.222222   52.666667   34.777778   53.000000   47.888889   60.666667    16.000000   75.888889   51.555556   35.000000
   511.353485    24.888889   42.333333   25.222222   42.000000   37.111111   48.888889     9.000000   67.444444   43.333333   27.666667
   521.083618    34.555556   46.666667   33.444444   49.555556   40.555556   57.555556    17.444444   69.444444   49.555556   36.888889
   530.817993    29.777778   39.666667   30.000000   43.111111   35.222222   52.111111    16.333333   65.000000   46.444444   34.333333
   540.556824    44.000000   50.777778   45.444444   55.555556   48.777778   65.444444    33.555556   79.333333   61.222222   50.000000
   550.299988    51.444444   57.333333   53.333333   59.111111   55.555556   70.555556    45.333333   81.444444   69.444444   57.888889
   560.047729    59.777778   57.888889   60.444444   63.111111   57.555556   76.000000    58.000000   82.666667   75.000000   66.111111
   569.799622    70.444444   61.888889   70.444444   66.555556   58.555556   81.666667    71.888889   85.000000   81.888889   73.666667
   579.556030    59.777778   50.888889   62.777778   55.777778   43.888889   66.888889    64.111111   71.222222   68.222222   63.111111
   589.316772    90.111111   66.000000   88.333333   73.444444   58.777778   85.111111    97.111111   82.111111   88.111111   85.888889
   599.081909    71.777778   47.111111   71.555556   54.000000   41.777778   58.333333    81.777778   58.222222   65.777778   64.666667
   608.851501    39.333333   21.222222   42.222222   26.111111   15.555556   30.000000    46.777778   30.333333   32.888889   32.777778
   618.625427    18.333333   10.222222   22.111111   11.777778    6.333333   14.000000    25.666667   18.000000   16.333333   16.333333
   628.403687    17.111111    7.888889   21.333333   10.777778    3.444444   10.555556    23.000000   13.000000   12.333333   12.111111
   638.186523    24.000000    9.555556   27.222222   13.555556    4.333333   13.222222    27.888889   15.666667   17.111111   15.888889
   647.973572    45.111111   26.000000   45.444444   30.222222   17.222222   30.666667    50.000000   30.888889   35.222222   34.333333
   657.765076    28.000000   15.555556   29.777778   19.000000    7.888889   18.777778    25.666667   19.555556   18.777778   18.888889
   667.560974     7.555556    0.111111    8.555556    3.666667    0.000000    0.444444     1.555556    2.444444    0.111111    0.333333
   655.792297    29.444444   12.333333   29.888889   18.000000    5.000000   15.777778    26.888889   11.333333   18.111111   18.222222
   665.599426     5.444444    0.000000    6.333333    2.444444    0.000000    0.222222     0.777778    1.555556    0.000000    0.222222
   675.401184    12.222222    0.666667    9.333333    2.111111    0.444444    1.888889     2.555556    0.777778    0.222222    1.222222
   685.197876    48.111111   18.666667   38.555556   28.444444   11.666667   22.333333    36.111111   14.333333   19.000000   22.777778
   694.989380   211.666667  115.333333  183.222222  139.333333   88.222222  129.555556   202.222222   96.333333  137.333333  150.333333
   704.775574   569.777778  296.888889  461.666667  339.222222  218.666667  332.111111   536.000000  235.000000  351.666667  385.888889
   714.556580   971.111111  484.222222  744.111111  535.555556  358.000000  540.666667   884.666667  369.555556  563.777778  628.555556
   724.332520  1343.111111  629.555556  995.111111  695.444444  469.666667  719.111111  1188.777778  472.444444  747.111111  828.222222
   734.103088  1220.777778  559.111111  898.444444  609.444444  428.111111  637.222222  1059.777778  417.333333  666.000000  737.777778
   743.868530  1044.555556  478.555556  767.222222  515.888889  373.333333  539.555556   900.222222  356.222222  565.000000  629.111111
   753.628723  1011.000000  470.777778  744.888889  500.111111  370.888889  529.444444   876.222222  354.333333  554.888889  618.444444
   763.383728   990.666667  459.888889  727.222222  484.111111  364.333333  517.222222   859.666667  347.000000  545.222222  605.444444
   773.133484   994.333333  447.777778  722.777778  480.222222  349.555556  511.555556   859.222222  337.777778  537.000000  599.111111
   782.878113  1015.000000  459.333333  735.111111  490.666667  358.666667  523.555556   880.555556  348.666667  552.666667  614.777778
   792.617371  1080.333333  486.000000  778.222222  521.888889  377.666667  555.333333   939.000000  368.777778  589.444444  653.555556
   802.351624  1116.777778  501.666667  803.888889  541.111111  386.222222  578.111111   977.000000  384.444444  611.888889  679.666667
   812.080505  1211.666667  543.555556  870.111111  588.333333  414.444444  629.111111  1059.666667  417.111111  667.333333  735.222222
   821.804321  1223.888889  540.444444  868.888889  580.555556  413.111111  623.000000  1056.666667  406.888889  663.000000  732.888889
   831.522827  1061.555556  462.333333  750.111111  493.222222  361.777778  531.666667   901.000000  345.444444  564.888889  624.888889
   841.236084   900.444444  387.555556  637.666667  413.222222  312.333333  446.000000   759.777778  288.777778  473.888889  524.888889
   850.944214   841.444444  371.555556  602.444444  389.555556  305.222222  425.000000   709.666667  278.777778  449.111111  498.111111
   860.647095   797.777778  348.000000  568.000000  364.000000  288.777778  398.555556   668.111111  257.777778  420.555556  468.000000
   870.344788   762.777778  335.111111  548.333333  350.222222  281.777778  381.222222   639.888889  250.777778  404.777778  449.222222
   880.037170   720.555556  309.555556  512.555556  322.777778  261.333333  354.666667   598.333333  228.333333  376.222222  417.000000
   889.724487   725.111111  312.444444  515.222222  325.222222  268.000000  358.444444   597.888889  229.777778  378.888889  420.777778
   899.406616   803.000000  339.333333  559.777778  350.444444  285.444444  386.222222   651.000000  244.111111  409.111111  456.666667
   909.083374   800.666667  330.000000  554.777778  340.666667  280.444444  381.888889   645.888889  231.666667  402.666667  448.444444
   918.755127   723.000000  298.666667  502.111111  306.444444  256.222222  344.222222   583.333333  213.444444  362.666667  408.555556
   928.421387   773.333333  320.777778  533.666667  327.111111  277.888889  365.000000   613.444444  228.444444  381.333333  432.888889
   938.082703   996.888889  426.111111  703.111111  441.888889  362.222222  493.222222   841.333333  328.777778  525.444444  590.444444
   947.738708   537.111111  242.666667  400.222222  259.000000  210.444444  278.444444   479.888889  179.222222  304.222222  326.666667
   957.389526   407.222222  198.222222  319.666667  203.444444  175.555556  224.222222   370.222222  154.000000  235.222222  265.888889
   967.035095   252.111111  126.555556  201.888889  124.777778  123.111111  140.555556   230.444444   91.777778  146.555556  169.666667
   976.675476   200.555556  101.555556  164.111111   96.555556  101.666667  109.222222   186.333333   74.222222  116.222222  135.555556
   986.310608   166.000000   80.111111  134.333333   74.444444   88.333333   87.333333   150.444444   54.555556   91.666667  108.555556
   995.940613   155.444444   74.222222  124.000000   69.333333   84.666667   82.333333   141.666667   52.333333   84.222222  103.777778
  1005.565002   171.666667   84.333333  139.444444   77.000000   93.333333   91.222222   155.333333   57.888889   95.666667  112.888889
  1015.184998   195.888889   94.888889  157.666667   87.777778  104.666667  104.555556   174.666667   68.000000  109.444444  130.777778
  1024.798950   226.111111  107.555556  180.333333  103.888889  118.111111  121.444444   202.888889   77.222222  126.000000  149.444444
  1034.407959   255.000000  118.000000  199.000000  110.777778  125.222222  130.777778   225.111111   84.777778  138.111111  164.777778
  1044.011963   292.666667  137.222222  227.222222  131.555556  142.888889  153.111111   259.555556   98.222222  160.777778  190.444444
  1053.610962   321.666667  147.555556  246.222222  141.555556  151.444444  167.111111   281.333333  106.333333  173.777778  205.333333
  1063.203979   347.111111  159.555556  264.333333  154.000000  164.888889  180.000000   302.333333  116.888889  191.777778  222.888889
  1072.792969   348.000000  158.111111  268.111111  153.777778  165.333333  181.444444   310.111111  113.888889  190.888889  223.666667
  1082.375977   341.222222  154.888889  261.888889  150.000000  161.444444  177.000000   302.555556  111.888889  185.888889  218.777778
  1091.953979   341.000000  156.000000  263.111111  150.555556  159.777778  177.222222   304.111111  112.777778  187.000000  219.000000
  1101.526001   358.555556  160.000000  272.777778  155.333333  160.222222  181.666667   323.444444  115.888889  192.222222  229.222222
  1111.093994   369.111111  158.444444  283.777778  163.111111  156.000000  186.222222   344.000000  118.000000  195.222222  224.666667
  1120.656006   498.222222  227.666667  385.666667  270.777778  199.333333  297.555556   494.222222  193.444444  296.444444  308.333333
  1130.213013   402.111111  205.000000  330.888889  232.222222  168.111111  254.333333   424.111111  167.444444  257.666667  267.777778
  1139.765015   248.666667  125.222222  206.333333  138.333333   98.000000  144.888889   248.888889  108.000000  151.333333  153.333333
  1149.311035   280.444444  143.111111  224.111111  166.555556  113.444444  167.222222   251.222222  115.333333  178.222222  173.222222
  1158.853027   138.888889   74.444444  114.666667   81.111111   64.333333   79.555556   126.888889   60.666667   79.111111   86.555556
  1168.389038    94.666667   51.888889   83.555556   55.333333   52.111111   57.000000    89.555556   41.888889   56.666667   66.777778
  1177.920044    81.000000   48.333333   72.000000   50.777778   47.888889   48.777778    77.222222   37.333333   47.666667   54.888889
  1187.446045    67.333333   38.111111   64.333333   41.666667   37.888889   38.666667    66.222222   29.777778   37.666667   47.000000
  1196.965942    68.000000   36.666667   59.777778   39.555556   38.777778   37.000000    62.777778   29.555556   35.777778   45.777778
  1206.482056    50.111111   25.888889   46.000000   26.888889   27.111111   24.333333    48.555556   16.444444   25.444444   29.333333
  1215.991943    56.222222   34.444444   53.555556   35.333333   36.222222   33.555556    55.666667   26.444444   31.222222   41.111111
  1225.496948    49.333333   28.777778   47.666667   29.222222   32.777778   30.000000    47.666667   22.555556   24.666667   36.333333
  1234.995972    51.888889   30.555556   50.111111   32.555556   35.888889   32.888889    53.555556   25.111111   28.888889   36.888889
  1244.490967    50.222222   29.333333   48.111111   31.888889   35.444444   30.888889    48.888889   24.222222   25.666667   33.555556
  1253.979980    44.222222   26.777778   45.888889   29.444444   30.000000   25.111111    43.777778   23.777778   25.111111   31.222222
  1263.463989    42.000000   25.666667   43.555556   32.777778   30.111111   27.111111    42.777778   22.222222   24.333333   30.111111
  1253.373047    44.222222   26.666667   45.666667   29.333333   30.333333   25.000000    43.666667   23.777778   25.000000   31.222222
  1263.345947    60.222222   27.111111   48.666667   40.111111   29.222222   28.111111    51.333333   22.888889   33.777778   34.888889
  1273.317993    54.888889   44.111111   52.777778   31.666667   37.444444   31.888889    61.222222   31.333333   38.888889   38.444444
  1283.291016    64.666667   41.222222   52.888889   34.333333   35.555556   33.222222    56.555556   37.000000   43.444444   34.666667
  1293.261963    69.888889   45.333333   67.111111   41.111111   46.222222   40.111111    67.333333   36.666667   48.888889   50.333333
  1303.234009    83.666667   51.111111   64.777778   48.888889   36.333333   44.111111    68.000000   40.333333   44.444444   50.333333
  1313.206055    81.444444   49.666667   67.555556   49.444444   40.444444   37.888889    64.444444   41.000000   47.777778   55.666667
  1323.177002     0.000000    0.000000    0.000000    0.000000    0.000000    0.000000     0.000000    0.000000    0.000000    0.000000
  1333.147949     0.000000    0.000000    0.000000    0.000000    0.000000    0.000000     0.000000    0.000000    0.000000    0.000000
  1343.119019     0.000000    0.000000    0.000000    0.000000    0.000000    0.000000     0.000000    0.000000    0.000000    0.000000
  1353.088989     0.000000    0.000000    0.000000    0.000000    0.000000    0.000000     0.000000    0.000000    0.000000    0.000000
  1363.060059     0.000000    0.000000    0.000000    0.000000    0.000000    0.000000     0.000000    0.000000    0.000000    0.000000
  1373.030029     0.000000    0.000000    0.000000    0.000000    0.000000    0.000000     0.000000    0.000000    0.000000    0.000000
  1383.000000     0.000000    0.000000    0.000000    0.000000    0.000000    0.000000     0.000000    0.000000    0.000000    0.000000
  1392.968994     0.000000    0.000000    0.000000    0.000000    0.000000    0.000000     0.000000    0.000000    0.000000    0.000000
  1402.938965     0.000000    0.000000    0.000000    0.000000    0.000000    0.000000     0.000000    0.000000    0.000000    0.000000
  1412.907959     0.000000    0.000000    0.000000    0.000000    0.000000    0.000000     0.000000    0.000000    0.000000    0.000000
  1422.876953     0.000000    0.000000    0.000000    0.000000    0.000000    0.000000     0.000000    0.000000    0.000000    0.000000
  1432.844971   919.666667  328.555556  362.000000  245.222222  114.555556  353.777778   564.444444  212.555556  310.222222  332.222222
  1442.813965   455.555556  220.444444  294.000000  209.000000  141.666667  211.222222   314.888889  224.444444  317.555556  273.333333
  1452.781982   219.111111  103.666667  142.333333   86.777778   47.777778  103.444444    86.444444   82.444444  135.333333  128.222222
  1462.750000   153.666667   76.777778  116.444444  101.777778   44.444444   95.333333    92.666667   66.555556   78.888889  108.000000
  1472.718018   159.666667  104.000000   95.777778  102.222222   68.555556   86.777778   144.111111   86.444444  101.777778  121.222222
  1482.685059   139.444444   62.555556   88.666667   70.222222   35.555556   65.555556    94.444444   53.777778   81.666667   65.555556
  1492.651978    64.888889   37.777778   51.444444   38.888889   27.444444   30.777778    44.111111   40.222222   36.444444   41.222222
  1502.619019    42.555556   25.666667   33.444444   25.777778   14.111111   19.333333    26.111111   22.555556   23.000000   24.111111
  1512.586060    33.222222   29.444444   29.666667   20.444444   14.333333   19.666667    22.000000   19.444444   19.888889   19.333333
  1522.552002    30.333333   20.333333   26.111111   15.000000    9.222222   12.111111    19.555556   12.666667   11.444444   14.444444
  1532.517944    23.333333   16.444444   19.888889   16.888889    7.888889    7.555556    14.888889   11.888889    9.888889   13.222222
  1542.484009    19.333333   18.666667   17.000000   14.444444    7.888889   16.222222    17.222222   14.333333   12.333333   11.777778
  1552.449951    22.444444   20.111111   24.888889   17.444444    8.222222   15.111111    18.444444   16.000000   11.444444   14.000000
  1562.416016    25.000000   18.555556   23.000000   16.666667    9.111111    9.444444    15.555556   14.111111   11.555556   13.333333
  1572.380981    25.000000   20.555556   23.222222   17.222222   10.000000   11.222222    17.333333   15.333333   12.666667   12.111111
  1582.345947    24.444444   19.666667   23.333333   18.666667    9.222222   12.666667    17.111111   16.222222   13.111111   13.333333
  1592.311035    23.555556   20.111111   24.444444   18.333333   12.444444   14.000000    16.333333   15.555556   12.888889   12.777778
  1602.275024    29.444444   23.666667   26.444444   20.555556   16.111111   15.777778    20.111111   18.111111   15.111111   16.333333
  1612.239990    28.111111   18.222222   26.333333   17.444444   13.222222   13.777778    19.000000   13.666667   13.111111   14.444444
  1622.203979    28.111111   24.333333   28.333333   22.000000   17.222222   15.555556    20.666667   17.888889   17.111111   19.777778
  1632.166992    28.222222   24.222222   28.111111   21.000000   16.222222   15.222222    22.000000   16.222222   13.777778   19.000000
  1642.130981    28.111111   23.333333   26.111111   18.555556   15.888889   18.888889    22.444444   16.888889   19.333333   18.111111
  1652.093994    31.444444   24.555556   30.444444   21.111111   13.333333   14.222222    23.777778   17.111111   17.444444   21.555556
  1662.057007    29.444444   24.666667   27.444444   24.111111   15.777778   17.444444    25.888889   18.666667   16.222222   18.777778
