ENVI ASCII Plot File [Mon Jul 18 12:56:47 2016]
Column 1: Wavelength
Column 2: Mean: kelp 1.1~~4##0,0,255
Column 3: Mean: kelp 1.2~~5##255,255,0
Column 4: Mean: kelp 1.3~~6##0,255,255
Column 5: Mean: kelp 2.1~~7##255,0,255
Column 6: Mean: kelp 2.2~~28##139,139,0
Column 7: Mean: kelp 2.3~~31##0,139,139
Column 8: Mean: kelp 3.1~~19##139,0,0
   365.929810    0.000000    0.000000    0.000000    0.000000    0.000000    0.000000    0.000000
   375.593994    0.000000    0.000000    0.000000    0.000000    0.000000    0.000000    0.000000
   385.262512    0.000000    0.000000    0.000000    0.000000    0.000000    0.000000    0.000000
   394.935486    0.000000    0.000000    0.222222    0.000000    0.000000    0.333333    0.000000
   404.612915    6.000000   11.888889   19.000000   13.111111   11.111111   13.444444   22.000000
   414.294586   31.888889   36.666667   49.888889   31.000000   41.888889   34.111111   39.666667
   423.980804   57.000000   60.666667   79.000000   57.555556   64.000000   66.222222   63.777778
   433.671295   85.333333   86.666667  107.000000   88.000000   92.777778   97.777778   94.000000
   443.366211   97.888889   98.555556  123.888889  101.111111  108.666667  104.777778  107.555556
   453.065491   98.888889   95.777778  126.666667   98.777778  109.111111  104.777778  108.888889
   462.769196  108.000000  104.666667  134.333333  106.777778  117.000000  116.000000  116.666667
   472.477295   91.333333   91.777778  122.222222   95.555556  106.333333  102.555556  107.222222
   482.189789   88.777778   90.111111  121.111111   94.000000  105.555556  104.222222  109.444444
   491.906586   84.777778   83.222222  116.444444   85.444444   98.000000   99.555556  103.333333
   501.627899   77.333333   79.444444  109.666667   79.666667   93.333333   93.888889  100.888889
   511.353485   68.666667   69.333333   99.777778   70.555556   82.333333   83.222222   90.555556
   521.083618   71.333333   73.555556   99.888889   78.222222   85.777778   88.222222   95.222222
   530.817993   65.777778   68.333333   93.222222   73.000000   79.555556   82.444444   90.111111
   540.556824   77.888889   80.222222  104.111111   84.555556   90.333333   93.444444  102.222222
   550.299988   82.111111   87.777778  109.000000   90.444444   94.333333  101.222222  104.555556
   560.047729   88.777778   93.000000  111.111111   98.888889   96.444444  106.000000  108.888889
   569.799622   96.333333  102.000000  115.222222  107.777778   98.000000  111.777778  111.111111
   579.556030   87.555556   93.222222  104.777778   97.222222   87.222222   99.444444   99.555556
   589.316772  106.555556  116.444444  117.111111  117.888889   96.000000  117.777778  102.333333
   599.081909   91.222222   97.000000   97.888889   98.000000   76.111111   97.444444   83.111111
   608.851501   62.111111   64.555556   69.666667   67.555556   51.444444   66.666667   60.555556
   618.625427   43.888889   46.888889   55.555556   47.777778   38.666667   51.333333   47.666667
   628.403687   39.222222   42.222222   50.222222   42.666667   34.777778   47.111111   42.666667
   638.186523   42.444444   45.444444   53.444444   46.666667   34.777778   47.666667   44.000000
   647.973572   57.111111   61.666667   64.111111   61.444444   45.222222   62.555556   52.111111
   657.765076   41.111111   44.333333   53.222222   43.444444   34.444444   48.000000   40.888889
   667.560974   17.222222   20.222222   34.444444   17.555556   15.666667   26.888889   27.000000
   655.792297   37.000000   43.555556   47.555556   43.222222   28.777778   49.777778   40.888889
   665.599426   15.222222   19.000000   33.000000   15.222222   14.222222   25.000000   25.777778
   675.401184   15.222222   21.555556   33.555556   16.444444   13.222222   24.222222   25.666667
   685.197876   39.888889   53.000000   54.777778   41.333333   29.222222   49.333333   44.000000
   694.989380  153.555556  186.222222  136.333333  163.222222  103.666667  162.333333  106.000000
   704.775574  356.444444  416.777778  273.777778  371.444444  224.888889  366.444444  204.666667
   714.556580  540.444444  634.000000  403.333333  562.777778  334.000000  551.666667  284.333333
   724.332520  661.555556  808.666667  493.222222  698.444444  398.555556  675.666667  313.666667
   734.103088  562.000000  716.333333  446.666667  594.777778  344.777778  590.000000  266.333333
   743.868530  472.000000  611.000000  394.111111  497.444444  296.000000  502.222222  228.333333
   753.628723  462.888889  596.888889  394.000000  484.000000  297.777778  496.000000  232.111111
   763.383728  456.555556  587.111111  390.111111  477.888889  293.777778  490.666667  231.888889
   773.133484  451.333333  587.000000  378.888889  473.333333  285.666667  487.222222  219.333333
   782.878113  464.111111  600.000000  388.666667  486.888889  293.777778  500.000000  228.333333
   792.617371  497.444444  641.222222  407.111111  521.555556  311.333333  535.777778  240.666667
   802.351624  519.888889  664.666667  420.444444  544.222222  324.777778  558.444444  252.333333
   812.080505  563.666667  721.111111  450.555556  589.555556  348.666667  603.888889  270.888889
   821.804321  555.444444  716.111111  444.222222  585.666667  341.333333  601.222222  263.000000
   831.522827  462.111111  617.444444  388.222222  489.888889  290.444444  509.333333  221.777778
   841.236084  382.111111  522.888889  335.555556  405.777778  242.888889  429.555556  183.777778
   850.944214  360.333333  495.888889  327.000000  378.555556  235.777778  408.555556  181.777778
   860.647095  336.777778  469.777778  311.333333  355.666667  219.666667  387.777778  169.444444
   870.344788  322.111111  454.888889  300.666667  339.777778  213.222222  373.111111  162.444444
   880.037170  296.555556  425.333333  283.555556  313.111111  194.555556  345.888889  147.444444
   889.724487  296.111111  427.555556  282.444444  314.222222  196.444444  349.333333  149.888889
   899.406616  318.777778  465.555556  301.000000  342.555556  207.777778  375.333333  152.666667
   909.083374  310.222222  457.000000  292.888889  332.666667  202.111111  366.222222  147.555556
   918.755127  276.222222  415.555556  267.555556  299.333333  182.333333  334.666667  132.222222
   928.421387  295.555556  438.666667  282.333333  313.111111  193.000000  351.111111  148.555556
   938.082703  418.000000  579.555556  375.666667  440.666667  269.444444  469.555556  204.888889
   947.738708  236.888889  336.444444  233.444444  249.333333  162.333333  285.222222  119.444444
   957.389526  188.888889  265.222222  195.777778  196.888889  136.333333  224.000000  109.222222
   967.035095  116.333333  168.555556  136.222222  113.111111   89.666667  143.666667   77.000000
   976.675476   88.000000  133.111111  108.444444   88.111111   71.555556  118.000000   61.777778
   986.310608   70.888889  109.333333   93.111111   66.333333   56.444444   94.555556   50.444444
   995.940613   63.555556  103.888889   88.000000   59.888889   52.222222   88.444444   46.777778
  1005.565002   71.000000  115.333333   98.666667   67.777778   59.666667   98.666667   52.555556
  1015.184998   81.666667  130.111111  108.111111   78.111111   66.888889  110.777778   58.666667
  1024.798950   94.111111  150.666667  123.777778   91.777778   77.444444  125.666667   65.888889
  1034.407959  102.666667  166.222222  133.444444  101.555556   81.333333  139.000000   68.000000
  1044.011963  121.444444  190.888889  150.666667  120.000000   95.888889  156.444444   78.222222
  1053.610962  131.222222  206.444444  159.777778  131.888889   99.888889  170.333333   81.888889
  1063.203979  143.666667  226.333333  173.333333  142.888889  110.222222  183.222222   89.777778
  1072.792969  143.888889  227.000000  173.222222  144.222222  108.222222  183.222222   86.000000
  1082.375977  139.444444  220.444444  169.222222  140.444444  106.222222  178.000000   83.666667
  1091.953979  139.333333  219.888889  170.222222  139.777778  107.666667  178.777778   84.444444
  1101.526001  147.333333  230.333333  173.111111  148.111111  110.666667  187.222222   86.777778
  1111.093994  151.555556  238.555556  178.000000  156.555556  108.444444  197.777778   81.777778
  1120.656006  238.444444  358.777778  269.111111  261.666667  161.888889  301.888889  129.666667
  1130.213013  205.444444  306.777778  231.777778  233.000000  148.333333  276.333333  124.555556
  1139.765015  119.444444  183.333333  154.444444  129.666667   87.222222  163.777778   77.222222
  1149.311035  140.000000  201.000000  164.555556  140.777778   93.888889  188.666667   94.111111
  1158.853027   66.777778   98.444444   90.111111   65.666667   50.555556   95.333333   52.000000
  1168.389038   48.444444   69.888889   66.777778   45.555556   37.666667   68.666667   43.666667
  1177.920044   43.111111   62.222222   63.111111   35.111111   37.888889   61.222222   44.555556
  1187.446045   35.777778   52.444444   53.000000   28.111111   29.333333   50.777778   37.333333
  1196.965942   32.666667   50.444444   53.555556   25.444444   29.333333   49.666667   38.000000
  1206.482056   22.222222   38.666667   40.666667   17.333333   19.777778   39.111111   29.888889
  1215.991943   29.222222   45.222222   50.777778   23.444444   25.555556   45.888889   34.777778
  1225.496948   24.111111   40.777778   45.222222   20.000000   23.222222   40.222222   30.888889
  1234.995972   26.000000   42.000000   49.111111   19.777778   26.333333   44.111111   34.555556
  1244.490967   24.444444   39.555556   47.888889   18.444444   24.333333   43.333333   35.111111
  1253.979980   21.666667   39.111111   47.000000   16.777778   22.444444   40.777778   32.888889
  1263.463989   22.555556   38.444444   53.666667   17.000000   23.444444   43.888889   36.555556
  1253.373047   21.666667   39.444444   47.111111   16.777778   22.888889   40.777778   33.000000
  1263.345947   26.777778   39.111111   57.000000   19.000000   23.000000   40.111111   27.222222
  1273.317993   32.222222   37.222222   48.111111   35.444444   26.111111   43.333333   33.555556
  1283.291016   36.444444   41.000000   47.888889   31.555556   25.555556   39.888889   33.333333
  1293.261963   37.333333   42.000000   44.666667   39.555556   30.444444   38.444444   32.666667
  1303.234009   39.111111   45.000000   52.333333   41.222222   36.444444   48.777778   36.888889
  1313.206055   43.222222   49.888889   61.555556   49.666667   41.111111   49.222222   32.444444
  1323.177002    0.000000    0.000000    0.000000    0.000000    0.000000    0.000000    0.000000
  1333.147949    0.000000    0.000000    0.000000    0.000000    0.000000    0.000000    0.000000
  1343.119019    0.000000    0.000000    0.000000    0.000000    0.000000    0.000000    0.000000
  1353.088989    0.000000    0.000000    0.000000    0.000000    0.000000    0.000000    0.000000
  1363.060059    0.000000    0.000000    0.000000    0.000000    0.000000    0.000000    0.000000
  1373.030029    0.000000    0.000000    0.000000    0.000000    0.000000    0.000000    0.000000
  1383.000000    0.000000    0.000000    0.000000    0.000000    0.000000    0.000000    0.000000
  1392.968994    0.000000    0.000000    0.000000    0.000000    0.000000    0.000000    0.000000
  1402.938965    0.000000    0.000000    0.000000    0.000000    0.000000    0.000000    0.000000
  1412.907959    0.000000    0.000000    0.000000    0.000000    0.000000    0.000000    0.000000
  1422.876953    0.000000    0.000000    0.000000    0.000000    0.000000    0.000000    0.000000
  1432.844971  232.888889  364.555556  225.888889  415.666667  151.666667  364.666667  128.666667
  1442.813965  194.777778  291.222222  139.777778  281.222222  131.555556  173.333333   65.222222
  1452.781982   91.222222  119.111111   84.333333   97.777778   63.000000   97.222222   52.111111
  1462.750000   70.777778   97.444444   72.666667   87.555556   48.333333   84.555556   42.333333
  1472.718018   90.111111   98.222222   63.666667  103.000000   49.111111   89.222222   38.888889
  1482.685059   65.111111   77.888889   61.666667   60.444444   40.222222   66.111111   34.333333
  1492.651978   35.555556   36.222222   40.555556   33.111111   25.888889   36.555556   24.555556
  1502.619019   22.333333   24.000000   29.555556   22.666667   15.555556   19.444444   21.000000
  1512.586060   14.777778   24.222222   26.666667   16.777778   14.777778   21.111111   20.555556
  1522.552002   13.666667   13.111111   20.000000   13.555556   13.888889   16.555556   17.111111
  1532.517944   12.555556   13.444444   18.666667   10.444444   10.555556   14.888889   16.777778
  1542.484009   12.333333   12.111111   25.777778   11.000000   13.222222   14.666667   13.000000
  1552.449951   16.222222   15.333333   22.777778   11.666667   14.888889   16.777778   18.333333
  1562.416016   10.555556   13.777778   21.444444   10.000000   12.444444   15.666667   17.555556
  1572.380981   14.111111   14.222222   22.444444   13.222222   15.333333   15.111111   20.444444
  1582.345947   14.777778   13.888889   23.111111   13.222222   11.555556   15.666667   18.111111
  1592.311035   13.666667   15.333333   25.000000   11.555556   13.888889   19.777778   18.777778
  1602.275024   17.777778   15.555556   25.111111   14.444444   15.333333   18.666667   20.777778
  1612.239990   16.333333   13.777778   22.666667   11.444444   15.000000   19.555556   17.666667
  1622.203979   15.444444   17.666667   28.111111   15.777778   16.333333   20.666667   23.666667
  1632.166992   15.222222   17.777778   26.888889   15.666667   16.333333   19.111111   20.111111
  1642.130981   17.222222   18.666667   28.777778   14.666667   16.444444   19.666667   19.111111
  1652.093994   17.777778   18.666667   28.555556   15.333333   16.333333   23.555556   22.111111
  1662.057007   16.333333   16.222222   27.444444   15.000000   13.333333   20.222222   17.777778
