ENVI ASCII Plot File [Mon Jul 18 08:40:53 2016]
Column 1: Wavelength
Column 2: Mean: lagoon water~~2##255,0,0
Column 3: Mean: grass~~22##0,139,0
Column 4: Mean: deep water~~4##0,0,255
   365.929810    0.000000     0.000000    0.000000
   375.593994    0.000000    14.111111    0.000000
   385.262512  115.444444   200.333333   48.444444
   394.935486  246.555556   301.333333  194.333333
   404.612915  274.111111   307.555556  214.444444
   414.294586  273.666667   326.000000  211.111111
   423.980804  280.777778   348.777778  225.000000
   433.671295  295.555556   370.444444  232.777778
   443.366211  310.111111   385.555556  238.000000
   453.065491  318.666667   396.222222  234.555556
   462.769196  337.000000   412.555556  241.333333
   472.477295  333.111111   410.777778  230.777778
   482.189789  339.000000   416.777778  229.555556
   491.906586  346.444444   424.333333  224.111111
   501.627899  366.444444   440.000000  217.222222
   511.353485  402.444444   475.555556  204.222222
   521.083618  464.000000   553.777778  203.555556
   530.817993  525.888889   611.666667  191.555556
   540.556824  602.444444   684.444444  196.000000
   550.299988  672.888889   719.777778  190.222222
   560.047729  724.888889   719.222222  178.444444
   569.799622  747.777778   688.666667  161.777778
   579.556030  727.444444   646.555556  143.333333
   589.316772  686.222222   659.000000  132.777778
   599.081909  601.222222   637.777778  115.111111
   608.851501  538.000000   608.222222  105.222222
   618.625427  506.444444   592.444444  100.000000
   628.403687  489.111111   592.222222   95.777778
   638.186523  486.333333   584.222222   95.333333
   647.973572  481.111111   573.222222   96.111111
   657.765076  423.444444   553.111111   96.555556
   667.560974  343.000000   526.222222   92.000000
   655.792297  426.333333   560.444444   92.777778
   665.599426  339.888889   522.777778   89.555556
   675.401184  296.000000   510.222222   85.000000
   685.197876  326.444444   558.777778   86.444444
   694.989380  382.444444   802.222222   86.111111
   704.775574  362.666667  1228.888889   80.111111
   714.556580  305.666667  1728.333333   80.444444
   724.332520  255.111111  2483.777778   83.000000
   734.103088  218.666667  3172.000000   84.111111
   743.868530  207.666667  3649.333333   83.888889
   753.628723  216.555556  3964.333333   92.666667
   763.383728  219.555556  4204.333333   95.555556
   773.133484  209.000000  4381.444444   79.333333
   782.878113  212.333333  4433.000000   81.555556
   792.617371  216.000000  4524.222222   80.666667
   802.351624  218.888889  4584.777778   79.222222
   812.080505  227.555556  4716.888889   83.333333
   821.804321  214.666667  4711.888889   79.111111
   831.522827  198.333333  4731.777778   75.888889
   841.236084  187.555556  4752.666667   71.666667
   850.944214  195.111111  4811.777778   81.777778
   860.647095  192.222222  4874.222222   76.777778
   870.344788  191.444444  4923.111111   78.444444
   880.037170  182.111111  4956.222222   71.555556
   889.724487  186.555556  5060.666667   76.000000
   899.406616  184.777778  5228.222222   74.333333
   909.083374  177.666667  5247.000000   69.333333
   918.755127  168.222222  5112.555556   63.777778
   928.421387  180.111111  5612.777778   74.111111
   938.082703  196.888889  5914.555556   90.555556
   947.738708  165.444444  5186.666667   64.888889
   957.389526  183.333333  5487.666667   73.888889
   967.035095  181.111111  5273.222222   75.666667
   976.675476  170.444444  5053.333333   70.000000
   986.310608  168.555556  5010.444444   71.222222
   995.940613  166.222222  4887.111111   69.222222
  1005.565002  169.333333  4964.666667   71.666667
  1015.184998  172.222222  5033.444444   72.666667
  1024.798950  175.888889  5099.666667   72.777778
  1034.407959  173.555556  5159.444444   70.000000
  1044.011963  178.222222  5207.000000   72.777778
  1053.610962  175.444444  5234.777778   69.777778
  1063.203979  179.777778  5256.111111   72.000000
  1072.792969  175.444444  5303.666667   67.888889
  1082.375977  171.888889  5279.555556   65.888889
  1091.953979  172.333333  5342.555556   65.222222
  1101.526001  165.777778  5441.222222   61.222222
  1111.093994  152.777778  5477.888889   51.777778
  1120.656006  143.555556  5248.111111   48.333333
  1130.213013  139.777778  4977.555556   47.111111
  1139.765015  124.888889  4707.000000   39.555556
  1149.311035  141.666667  4825.666667   47.888889
  1158.853027  136.333333  4849.555556   47.666667
  1168.389038  143.111111  4605.555556   54.111111
  1177.920044  145.666667  4389.000000   59.000000
  1187.446045  138.777778  4331.111111   52.111111
  1196.965942  140.000000  4324.111111   54.888889
  1206.482056  131.444444  4306.000000   44.111111
  1215.991943  140.888889  4354.555556   53.777778
  1225.496948  140.888889  4353.555556   52.777778
  1234.995972  146.222222  4353.222222   58.888889
  1244.490967  146.666667  4357.444444   57.777778
  1253.979980  140.555556  4360.333333   53.777778
  1263.463989  141.111111  4318.000000   53.888889
  1253.373047  140.555556  4349.111111   54.111111
  1263.345947  155.222222  4342.111111   66.777778
  1273.317993  147.222222  4348.555556   64.000000
  1283.291016  149.222222  4391.555556   67.111111
  1293.261963  143.777778  4411.000000   54.888889
  1303.234009  146.000000  4373.666667   62.444444
  1313.206055  143.555556  4191.444444   57.333333
  1323.177002    0.000000     0.000000    0.000000
  1333.147949    0.000000     0.000000    0.000000
  1343.119019    0.000000     0.000000    0.000000
  1353.088989    0.000000     0.000000    0.000000
  1363.060059    0.000000     0.000000    0.000000
  1373.030029    0.000000     0.000000    0.000000
  1383.000000    0.000000     0.000000    0.000000
  1392.968994    0.000000     0.000000    0.000000
  1402.938965    0.000000     0.000000    0.000000
  1412.907959    0.000000     0.000000    0.000000
  1422.876953    0.000000     0.000000    0.000000
  1432.844971  156.777778  1610.777778   62.222222
  1442.813965  118.888889  1452.666667   43.000000
  1452.781982   88.333333  1227.888889   40.111111
  1462.750000   96.000000  1322.222222   43.111111
  1472.718018  111.222222  1316.555556   49.000000
  1482.685059   97.333333  1397.222222   37.000000
  1492.651978  100.444444  1433.888889   44.777778
  1502.619019   97.777778  1451.000000   44.111111
  1512.586060  100.111111  1536.888889   50.000000
  1522.552002  101.000000  1615.444444   49.111111
  1532.517944   98.888889  1681.333333   49.777778
  1542.484009  106.222222  1775.333333   54.000000
  1552.449951  103.111111  1870.333333   51.222222
  1562.416016  103.111111  1955.333333   52.111111
  1572.380981  103.000000  2022.222222   50.222222
  1582.345947  105.222222  2102.777778   53.555556
  1592.311035  107.000000  2182.333333   54.333333
  1602.275024  108.777778  2256.666667   52.555556
  1612.239990  107.111111  2321.000000   51.777778
  1622.203979  108.222222  2391.666667   52.777778
  1632.166992  108.333333  2435.222222   52.222222
  1642.130981  106.444444  2492.444444   51.777778
  1652.093994  110.222222  2517.555556   52.777778
  1662.057007  107.555556  2535.111111   51.333333
  1672.020020  109.000000  2532.333333   53.333333
  1681.983032  110.333333  2514.111111   55.888889
  1691.944946  107.777778  2465.000000   51.555556
  1701.906982  108.666667  2432.777778   54.666667
  1711.869019  106.000000  2370.444444   51.333333
  1721.831055  101.222222  2333.666667   49.777778
  1731.791992  102.888889  2284.222222   48.777778
  1741.753052   98.222222  2253.111111   52.777778
  1751.713989   97.111111  2193.777778   46.888889
  1761.675049   97.333333  2157.666667   46.777778
  1771.635010   93.777778  2172.000000   44.555556
  1781.595947   96.555556  2171.111111   50.222222
  1791.556030   93.444444  2256.222222   43.666667
  1801.515015   98.666667  2336.444444   41.555556
  1811.474976    0.000000     0.000000    0.000000
  1821.433960    0.000000     0.000000    0.000000
  1831.392944    0.000000     0.000000    0.000000
  1841.352051    0.000000     0.000000    0.000000
  1851.310059    0.000000     0.000000    0.000000
  1861.269043    0.000000     0.000000    0.000000
  1871.227051    0.000000     0.000000    0.000000
  1872.384033    0.000000     0.000000    0.000000
  1866.864014    0.000000     0.000000    0.000000
  1876.925049    0.000000     0.000000    0.000000
  1886.984985    0.000000     0.000000    0.000000
  1897.041992    0.000000     0.000000    0.000000
  1907.095947    0.000000     0.000000    0.000000
  1917.147949    0.000000     0.000000    0.000000
  1927.197998    0.000000     0.000000    0.000000
  1937.245972    0.000000     0.000000    0.000000
  1947.291992  120.888889   714.444444   16.111111
  1957.334961   40.222222   591.777778    4.777778
  1967.375000   53.777778   445.555556   21.333333
  1977.413940   41.111111   492.333333   14.777778
  1987.449951   40.000000   545.333333   14.444444
  1997.484009   39.666667   450.555556    2.222222
  2007.515015  102.000000   608.666667   45.000000
  2017.545044   68.888889   607.555556   17.777778
  2027.572021   45.666667   733.333333   19.222222
  2037.595947   40.000000   738.555556   18.555556
  2047.619019   43.666667   719.222222   18.777778
  2057.638916   45.666667   733.888889   19.444444
  2067.656006   45.222222   783.777778   19.333333
  2077.672119   36.666667   856.555556   16.222222
  2087.685059   40.666667   869.555556   18.222222
  2097.696045   38.111111   923.666667   14.777778
  2107.704102   37.555556   921.888889   16.333333
  2117.709961   38.555556   966.333333   14.888889
  2127.714111   41.222222  1001.555556   16.666667
  2137.716064   40.777778  1017.111111   15.000000
  2147.715088   41.111111  1045.666667   14.333333
  2157.711914   36.111111  1065.111111   14.333333
  2167.707031   45.000000  1080.222222   13.555556
  2177.698975   40.666667  1092.444444   12.666667
  2187.688965   36.333333  1135.555556   11.888889
  2197.677002   43.777778  1145.333333   11.111111
  2207.662109   41.777778  1154.666667   12.333333
  2217.645020   45.333333  1150.000000   13.777778
  2227.625977   42.000000  1132.666667   12.333333
  2237.604004   41.000000  1096.666667    9.333333
  2247.581055   39.333333  1055.000000   18.222222
  2257.553955   39.888889   999.444444    9.555556
  2267.525879   38.666667   939.111111   13.777778
  2277.495117   43.555556   920.666667   23.333333
  2287.461914   33.777778   873.000000   16.555556
  2297.427002   32.444444   819.888889   15.666667
  2307.388916   29.777778   822.000000   12.555556
  2317.349121   32.444444   790.111111   12.444444
  2327.306885   37.444444   793.666667   12.666667
  2337.261963   42.666667   764.333333    7.333333
  2347.216064   28.555556   720.222222   10.666667
  2357.166992   48.000000   741.555556   27.666667
  2367.114990   37.222222   720.000000   10.666667
  2377.061035   33.000000   702.333333    9.777778
  2387.004883   24.111111   687.111111    3.888889
  2396.947021   46.000000   664.666667   16.000000
  2406.885986   24.000000   651.222222    6.333333
  2416.822998   29.444444   621.777778    8.333333
  2426.758057   26.333333   581.111111    6.222222
  2436.689941   52.666667   542.888889   18.333333
  2446.620117   24.888889   483.333333   11.555556
  2456.548096   52.666667   452.444444   29.111111
  2466.472900   20.777778   388.000000    7.777778
  2476.395996   21.555556   433.000000   12.222222
  2486.316895   14.777778   178.777778    3.888889
  2496.236084   19.666667   196.888889    0.000000
