ENVI ASCII Plot File [Tue Jul 19 18:18:09 2016]
Column 1: Wavelength
Column 2: Mean: kelp 1.1~~2##255,0,0
Column 3: Mean: kelp 1.2~~22##0,139,0
Column 4: Mean: kelp 1.3~~4##0,0,255
Column 5: Mean: kelp 1.4~~5##255,255,0
Column 6: Mean: kelp 2.1~~6##0,255,255
Column 7: Mean: kelp 2.2~~7##255,0,255
Column 8: Mean: kelp 2.3~~28##139,139,0
Column 9: Mean: kelp 3.1~~31##0,139,139
Column 10: Mean: kelp 4.1~~19##139,0,0
Column 11: Mean: kelp 4.2~~3##0,255,0
Column 12: Mean: kelp 4.3~~25##0,0,139
Column 13: Mean: kelp 5.1~~11##255,127,80
Column 14: Mean: kelp 5.2~~15##127,255,0
Column 15: Mean: kelp 6.1~~13##218,112,214
Column 16: Mean: kelp 6.2~~18##205,0,0
Column 17: Mean: kelp 6.3~~9##46,139,87
Column 18: Mean: kelp 7.1~~25##0,0,139
Column 19: Mean: kelp 7.2~~41##255,165,0
Column 20: Mean: kelp 7.3~~12##127,255,212
   365.929810     0.000000     0.000000     0.000000     0.000000     0.000000     0.000000     0.000000     0.000000     0.000000     0.000000     0.000000    0.000000     0.000000     0.000000     0.000000    0.000000     0.000000     0.000000     0.000000
   375.593994     0.000000     0.000000     0.000000     0.000000     0.000000     0.000000     0.000000     0.000000     0.000000     0.000000     0.000000    0.000000     0.000000     0.000000     0.000000    0.000000     0.000000     0.000000     0.000000
   385.262512    51.666667    74.666667    91.888889    87.333333   135.111111    96.222222    91.777778    86.666667    74.444444    65.222222    71.111111   42.555556    34.000000     0.222222    22.777778    1.000000     0.000000     0.000000     0.000000
   394.935486   185.666667   204.555556   218.333333   217.333333   237.777778   227.222222   220.000000   211.222222   212.222222   206.222222   204.666667  186.222222   192.555556   158.444444   190.777778  168.000000   121.444444   135.000000   119.222222
   404.612915   201.888889   217.333333   228.222222   232.222222   253.888889   243.222222   242.555556   228.555556   229.555556   225.777778   225.444444  206.666667   204.555556   197.333333   208.000000  192.444444   149.777778   167.333333   156.555556
   414.294586   199.555556   212.777778   222.000000   224.333333   254.333333   237.222222   235.222222   231.111111   230.111111   230.444444   225.111111  210.000000   208.777778   200.444444   216.111111  207.333333   172.333333   185.444444   162.555556
   423.980804   211.000000   220.555556   228.888889   235.555556   259.444444   242.777778   245.666667   238.666667   236.777778   241.555556   238.111111  215.777778   223.777778   217.888889   226.444444  222.555556   194.555556   204.222222   189.444444
   433.671295   226.888889   238.333333   242.444444   248.000000   277.888889   260.333333   256.333333   249.888889   250.888889   252.888889   250.222222  233.000000   233.222222   231.222222   241.111111  239.777778   205.000000   224.222222   205.444444
   443.366211   230.888889   243.444444   243.222222   250.000000   272.333333   261.555556   258.333333   253.222222   253.444444   252.222222   253.555556  234.333333   238.222222   235.222222   247.222222  246.555556   219.888889   235.333333   218.777778
   453.065491   228.888889   239.222222   239.111111   246.000000   268.444444   256.222222   251.777778   250.555556   249.777778   250.777778   247.777778  234.333333   235.111111   231.111111   245.666667  242.888889   217.888889   235.222222   216.888889
   462.769196   231.666667   245.444444   242.888889   246.777778   275.666667   261.666667   260.000000   256.000000   259.777778   255.555556   253.333333  240.222222   245.444444   243.000000   251.222222  253.666667   227.222222   245.777778   228.333333
   472.477295   221.666667   230.777778   229.666667   232.333333   257.444444   249.555556   247.444444   242.444444   245.222222   242.777778   239.888889  230.000000   230.555556   227.888889   242.000000  243.666667   215.888889   233.333333   218.888889
   482.189789   220.111111   228.555556   224.000000   228.888889   260.888889   245.888889   243.777778   238.333333   243.000000   239.333333   238.222222  228.555556   226.444444   226.222222   239.555556  242.888889   213.000000   234.333333   213.333333
   491.906586   208.888889   219.777778   216.333333   220.666667   248.555556   237.555556   234.666667   231.333333   236.222222   232.666667   230.333333  222.333333   222.222222   220.111111   234.222222  238.444444   206.777778   229.000000   208.333333
   501.627899   202.444444   212.444444   208.111111   211.444444   246.222222   230.555556   227.555556   225.111111   229.444444   227.222222   225.333333  215.333333   216.333333   215.555556   228.333333  231.777778   204.666667   225.111111   204.111111
   511.353485   192.333333   203.666667   198.888889   202.444444   233.777778   223.222222   220.222222   213.111111   222.333333   217.666667   216.555556  206.111111   210.000000   203.444444   220.222222  224.444444   197.888889   217.000000   193.777778
   521.083618   197.777778   210.000000   202.111111   206.111111   238.666667   226.444444   226.666667   216.888889   225.111111   222.222222   222.444444  212.555556   214.222222   208.444444   226.777778  231.222222   202.555556   225.222222   198.888889
   530.817993   192.000000   204.888889   196.333333   199.222222   233.666667   220.888889   222.444444   210.888889   221.222222   216.444444   216.777778  206.666667   210.444444   204.333333   221.333333  227.111111   197.000000   222.555556   193.777778
   540.556824   202.888889   216.666667   206.666667   209.444444   245.000000   232.333333   234.555556   220.888889   234.111111   227.888889   227.555556  217.111111   222.222222   216.888889   232.000000  239.222222   208.444444   237.000000   205.333333
   550.299988   210.777778   221.111111   212.222222   215.888889   252.000000   238.333333   242.555556   225.777778   241.444444   233.333333   234.000000  223.888889   229.000000   223.222222   237.444444  245.222222   216.333333   246.666667   213.333333
   560.047729   217.000000   226.444444   221.222222   223.444444   256.888889   249.000000   251.888889   233.111111   251.777778   242.222222   243.222222  229.666667   235.555556   229.777778   247.111111  250.000000   227.222222   256.777778   221.555556
   569.799622   224.444444   231.777778   226.222222   229.000000   267.222222   257.333333   264.777778   240.000000   262.000000   251.111111   252.777778  234.333333   244.666667   237.666667   251.444444  257.666667   233.333333   266.666667   230.333333
   579.556030   212.000000   218.444444   216.777778   217.111111   256.666667   246.333333   253.333333   229.333333   254.222222   240.888889   241.000000  223.222222   234.555556   228.000000   239.888889  244.444444   223.111111   256.777778   216.666667
   589.316772   243.555556   243.777778   246.000000   247.444444   290.222222   281.000000   288.888889   260.222222   284.111111   273.000000   272.444444  246.777778   261.777778   257.222222   269.222222  263.111111   251.666667   286.888889   245.222222
   599.081909   226.111111   222.111111   226.555556   230.888889   269.333333   262.666667   270.666667   241.555556   268.000000   258.000000   256.888889  229.555556   241.444444   239.333333   248.666667  238.333333   236.222222   267.666667   226.111111
   608.851501   191.111111   190.000000   195.000000   195.666667   229.111111   225.000000   230.222222   209.888889   233.333333   220.777778   222.444444  195.666667   206.777778   203.555556   212.111111  203.555556   198.111111   229.777778   191.000000
   618.625427   173.555556   172.000000   175.000000   177.111111   212.444444   203.666667   211.000000   192.444444   210.444444   202.000000   201.555556  178.222222   188.555556   185.111111   192.888889  187.888889   179.000000   210.111111   171.555556
   628.403687   169.888889   167.888889   169.777778   173.222222   207.111111   202.888889   205.777778   187.777778   205.333333   198.777778   199.111111  173.111111   184.000000   181.444444   189.555556  181.666667   173.333333   204.888889   167.111111
   638.186523   170.888889   170.111111   172.888889   175.444444   211.444444   203.888889   208.666667   190.111111   208.555556   199.222222   201.333333  175.555556   186.111111   183.555556   192.888889  182.444444   176.888889   207.777778   169.000000
   647.973572   189.666667   187.777778   190.666667   196.000000   232.777778   226.000000   231.777778   210.333333   228.444444   222.111111   222.666667  193.111111   203.111111   202.444444   209.111111  195.888889   195.666667   225.666667   186.777778
   657.765076   166.222222   167.222222   167.888889   174.444444   207.888889   199.555556   202.000000   189.333333   200.444444   197.333333   197.333333  171.333333   179.555556   179.444444   186.777778  177.888889   172.333333   199.888889   163.555556
   667.560974   144.777778   147.555556   142.333333   152.000000   188.666667   171.333333   172.444444   167.111111   170.444444   169.777778   171.222222  146.000000   152.222222   152.000000   162.222222  152.444444   145.666667   166.222222   137.666667
   655.792297   170.888889   169.000000   167.666667   176.555556   213.888889   200.888889   207.333333   191.333333   203.777778   197.111111   200.111111  169.222222   178.777778   180.222222   188.888889  177.555556   174.333333   199.444444   166.111111
   665.599426   143.222222   145.666667   140.333333   150.111111   186.111111   169.444444   170.666667   164.777778   168.333333   168.111111   169.111111  143.777778   149.666667   149.777778   160.000000  150.111111   143.666667   163.777778   136.000000
   675.401184   148.888889   150.777778   142.888889   155.444444   190.555556   169.222222   170.555556   169.111111   170.555556   169.000000   170.111111  142.222222   148.555556   149.000000   161.000000  147.888889   145.888889   162.444444   134.666667
   685.197876   177.333333   177.111111   176.000000   187.000000   226.111111   199.888889   204.333333   201.555556   203.333333   200.000000   200.444444  168.333333   176.222222   177.222222   188.888889  172.555556   174.111111   192.111111   165.666667
   694.989380   314.000000   293.333333   305.888889   318.888889   369.111111   352.111111   373.222222   330.444444   358.111111   343.000000   345.333333  285.000000   311.444444   311.666667   314.111111  278.333333   315.000000   343.222222   297.666667
   704.775574   600.222222   556.666667   567.888889   614.333333   709.555556   672.222222   749.222222   607.666667   654.333333   643.888889   642.555556  524.777778   587.333333   606.222222   587.666667  480.333333   608.000000   648.888889   563.555556
   714.556580   949.111111   890.888889   865.777778   980.111111  1151.111111  1049.333333  1186.666667   945.222222   952.777778   990.888889   987.000000  772.333333   875.888889   944.000000   902.111111  689.666667   936.222222   964.888889   850.666667
   724.332520  1283.888889  1192.666667  1135.444444  1330.000000  1571.222222  1386.444444  1592.222222  1259.111111  1193.111111  1310.333333  1307.222222  961.555556  1093.777778  1233.888889  1171.222222  850.333333  1225.444444  1218.111111  1092.222222
   734.103088  1207.333333  1124.444444  1059.444444  1248.222222  1482.111111  1289.444444  1489.444444  1179.555556  1083.222222  1227.666667  1227.777778  862.777778   984.555556  1131.000000  1075.222222  770.777778  1138.222222  1116.111111  1002.888889
   743.868530  1075.666667  1008.777778   942.444444  1111.000000  1318.222222  1145.111111  1325.888889  1046.888889   954.111111  1092.666667  1096.555556  755.888889   860.333333   997.333333   950.555556  682.666667  1004.444444   989.666667   885.000000
   753.628723  1051.444444   991.222222   919.444444  1086.222222  1289.777778  1118.666667  1295.333333  1022.111111   933.444444  1067.666667  1070.333333  740.111111   840.444444   972.444444   931.666667  671.888889   983.111111   971.000000   866.333333
   763.383728  1042.888889   988.222222   911.111111  1078.333333  1287.555556  1115.777778  1297.222222  1015.222222   931.444444  1065.444444  1072.111111  736.777778   837.444444   971.666667   928.000000  670.111111   983.111111   972.111111   865.555556
   773.133484  1054.111111   995.555556   913.666667  1084.111111  1297.666667  1128.222222  1313.333333  1015.666667   932.444444  1070.444444  1073.777778  738.000000   838.888889   974.777778   932.888889  670.222222   988.111111   981.000000   868.555556
   782.878113  1069.888889  1009.333333   925.000000  1101.222222  1314.444444  1144.777778  1333.111111  1027.333333   945.444444  1085.000000  1086.666667  748.777778   853.555556   991.444444   946.333333  681.222222  1000.555556  1000.555556   881.000000
   792.617371  1127.000000  1062.222222   969.555556  1157.333333  1387.333333  1202.444444  1401.888889  1078.444444   995.555556  1139.000000  1138.888889  787.111111   898.111111  1046.000000   998.777778  715.000000  1054.111111  1051.000000   927.888889
   802.351624  1156.333333  1093.777778   994.222222  1192.111111  1433.555556  1233.555556  1441.777778  1106.777778  1025.444444  1165.444444  1165.777778  809.888889   927.222222  1080.888889  1031.111111  737.333333  1083.333333  1084.666667   959.000000
   812.080505  1231.555556  1162.888889  1053.444444  1267.777778  1530.111111  1312.444444  1537.111111  1175.888889  1090.555556  1240.777778  1239.444444  862.555556   986.333333  1150.333333  1098.666667  779.555556  1153.444444  1152.444444  1019.555556
   821.804321  1215.222222  1145.000000  1037.444444  1250.333333  1516.222222  1298.333333  1528.888889  1159.111111  1072.777778  1227.777778  1225.666667  845.111111   965.000000  1129.666667  1079.888889  759.000000  1135.333333  1128.222222   999.111111
   831.522827  1068.222222  1005.555556   914.111111  1095.666667  1325.888889  1144.111111  1346.555556  1018.444444   937.777778  1086.000000  1086.444444  731.333333   834.777778   980.666667   938.222222  661.777778   995.333333   987.888889   872.222222
   841.236084   933.111111   878.000000   798.666667   954.777778  1148.666667  1000.333333  1177.777778   890.666667   818.555556   953.777778   953.888889  629.888889   719.111111   848.444444   811.555556  576.555556   866.333333   864.888889   759.333333
   850.944214   885.666667   837.444444   762.444444   904.111111  1085.777778   947.777778  1112.777778   844.111111   776.333333   904.111111   907.444444  599.555556   680.333333   799.444444   770.555556  549.444444   822.222222   819.111111   719.444444
   860.647095   845.222222   799.000000   728.333333   864.666667  1038.777778   902.000000  1063.444444   806.777778   739.444444   864.666667   866.555556  569.000000   646.555556   762.222222   732.222222  525.000000   781.222222   784.111111   684.777778
   870.344788   814.222222   771.777778   702.555556   830.333333   997.444444   871.555556  1025.555556   774.666667   713.555556   835.000000   835.777778  548.333333   620.777778   732.000000   706.333333  506.111111   753.666667   756.888889   659.777778
   880.037170   776.222222   732.444444   667.222222   789.111111   948.111111   832.000000   978.888889   737.888889   674.333333   795.111111   797.222222  515.333333   585.222222   693.333333   669.222222  477.333333   714.888889   719.888889   623.888889
   889.724487   770.222222   728.333333   665.000000   785.555556   938.666667   828.222222   977.555556   732.888889   672.222222   792.555556   794.666667  513.444444   579.555556   688.666667   663.222222  475.888889   712.222222   715.777778   619.777778
   899.406616   820.888889   771.333333   703.000000   836.222222  1001.666667   884.444444  1045.333333   775.333333   709.333333   846.666667   845.777778  539.888889   613.444444   732.222222   704.777778  495.444444   757.555556   756.222222   655.888889
   909.083374   804.777778   758.555556   686.222222   821.111111   988.111111   867.777778  1030.777778   760.888889   691.777778   828.333333   831.666667  525.111111   599.666667   714.666667   688.444444  481.888889   737.777778   736.222222   639.000000
   918.755127   730.111111   686.444444   626.888889   739.111111   892.666667   784.666667   930.666667   690.333333   628.777778   752.666667   751.777778  474.222222   540.111111   642.333333   620.777778  435.777778   668.555556   668.444444   579.444444
   928.421387   775.111111   726.333333   658.333333   780.555556   939.666667   825.333333   984.111111   728.333333   661.777778   796.444444   792.555556  503.888889   569.777778   678.555556   661.888889  460.333333   705.888889   708.000000   608.555556
   938.082703   944.000000   899.444444   817.555556   975.111111  1200.222222  1032.111111  1244.555556   903.111111   833.333333   984.888889   982.444444  619.444444   711.000000   857.444444   798.000000  561.000000   887.444444   870.888889   760.777778
   947.738708   623.333333   588.888889   539.555556   642.222222   747.555556   661.333333   769.888889   588.666667   540.000000   623.444444   639.555556  415.000000   469.777778   544.888889   530.333333  391.444444   571.666667   577.333333   504.666667
   957.389526   529.222222   506.000000   463.222222   531.777778   621.222222   552.444444   631.333333   499.555556   471.666667   526.444444   531.777778  373.333333   410.777778   472.777778   464.222222  357.666667   481.111111   503.888889   434.333333
   967.035095   378.444444   373.222222   334.111111   380.666667   441.555556   390.777778   443.666667   355.555556   334.555556   375.666667   378.333333  268.666667   294.222222   336.444444   339.000000  269.000000   340.666667   372.333333   314.666667
   976.675476   327.444444   322.222222   287.222222   326.444444   376.111111   336.111111   377.111111   302.555556   287.444444   319.888889   323.000000  232.444444   250.777778   285.111111   291.888889  232.888889   288.333333   323.444444   268.777778
   986.310608   287.777778   283.777778   252.777778   282.777778   324.777778   291.777778   329.666667   265.555556   251.333333   279.222222   281.555556  204.777778   219.111111   248.666667   257.777778  206.555556   252.555556   288.000000   233.333333
   995.940613   272.222222   270.000000   236.555556   267.666667   305.222222   274.666667   309.333333   249.666667   235.777778   262.000000   265.777778  190.777778   205.000000   234.333333   242.888889  197.111111   236.666667   272.444444   219.888889
  1005.565002   287.000000   282.333333   252.222222   281.666667   324.000000   292.222222   330.444444   262.888889   250.666667   278.777778   283.111111  201.222222   215.444444   245.777778   254.333333  205.666667   250.333333   285.444444   231.888889
  1015.184998   306.222222   300.222222   267.111111   301.777778   346.111111   312.555556   356.222222   280.888889   266.555556   298.888889   302.777778  212.555556   227.777778   261.111111   270.444444  217.222222   268.333333   301.888889   247.444444
  1024.798950   332.666667   326.222222   291.222222   330.222222   377.666667   341.555556   391.555556   306.777778   289.222222   327.222222   330.777778  227.555556   247.222222   284.111111   287.333333  229.333333   294.555556   324.444444   268.777778
  1034.407959   355.555556   348.444444   314.333333   354.555556   409.777778   369.000000   426.444444   328.777778   308.888889   354.111111   357.666667  240.555556   261.222222   301.777778   308.000000  241.888889   315.666667   345.666667   284.666667
  1044.011963   390.111111   380.222222   341.000000   388.222222   452.222222   404.000000   470.222222   360.888889   338.444444   389.777778   393.222222  261.777778   285.000000   331.222222   333.111111  260.111111   346.222222   375.000000   312.777778
  1053.610962   414.666667   400.555556   360.666667   412.000000   479.000000   431.000000   503.222222   382.000000   358.000000   414.333333   417.777778  276.333333   300.222222   351.333333   349.555556  270.888889   367.333333   395.111111   327.444444
  1063.203979   434.666667   423.222222   382.333333   434.222222   507.000000   452.444444   531.888889   404.777778   378.666667   437.666667   441.444444  290.000000   315.555556   369.555556   367.111111  283.555556   389.000000   413.444444   346.555556
  1072.792969   438.333333   427.555556   385.000000   441.666667   513.666667   460.555556   539.555556   408.000000   382.000000   440.777778   447.111111  292.111111   317.333333   372.555556   369.555556  283.111111   395.000000   417.333333   350.555556
  1082.375977   428.000000   418.111111   375.444444   429.888889   500.000000   448.666667   525.666667   397.444444   372.222222   430.000000   435.666667  284.000000   309.444444   363.111111   361.111111  276.777778   384.555556   407.666667   342.666667
  1091.953979   427.666667   417.888889   373.888889   427.444444   498.333333   447.222222   523.000000   394.777778   370.555556   428.222222   432.888889  282.444444   309.000000   362.333333   360.777778  276.333333   381.777778   406.666667   339.666667
  1101.526001   446.000000   433.000000   388.555556   449.777778   523.000000   466.666667   546.888889   415.555556   386.555556   447.555556   450.222222  293.000000   323.333333   381.888889   376.444444  284.333333   399.333333   424.666667   355.888889
  1111.093994   471.333333   455.777778   406.888889   477.111111   557.888889   500.111111   588.777778   438.111111   409.111111   476.000000   480.222222  302.222222   340.777778   404.111111   394.666667  292.888889   426.666667   445.000000   379.222222
  1120.656006   647.888889   604.333333   583.555556   697.000000   791.000000   722.888889   862.333333   627.333333   597.222222   644.000000   676.222222  402.111111   456.555556   580.666667   536.888889  381.888889   584.888889   592.777778   538.555556
  1130.213013   552.444444   525.111111   483.111111   601.444444   643.111111   618.444444   741.222222   529.222222   528.888889   564.222222   594.888889  363.666667   422.333333   495.333333   459.777778  339.222222   520.555556   518.000000   460.111111
  1139.765015   392.222222   364.111111   342.222222   401.333333   467.888889   416.777778   474.888889   376.555556   356.000000   383.000000   392.888889  256.777778   291.222222   348.555556   334.777778  253.000000   357.777778   379.666667   326.777778
  1149.311035   434.777778   401.666667   373.444444   445.333333   490.222222   454.777778   524.000000   398.666667   396.000000   405.000000   418.666667  295.555556   325.111111   381.888889   379.555556  288.555556   388.555556   412.888889   363.333333
  1158.853027   291.222222   283.333333   255.888889   296.555556   333.222222   301.555556   336.111111   271.777778   263.444444   280.222222   284.666667  210.222222   230.555556   266.777778   267.777778  214.111111   261.000000   308.777778   248.777778
  1168.389038   234.555556   227.555556   199.555556   226.444444   256.000000   229.666667   253.555556   212.777778   206.222222   217.777778   221.777778  170.888889   181.555556   205.111111   212.222222  177.888889   202.000000   245.888889   196.555556
  1177.920044   208.444444   206.111111   179.222222   206.000000   225.444444   207.777778   228.777778   191.000000   187.222222   194.888889   199.000000  155.222222   162.222222   183.111111   192.111111  166.222222   182.333333   222.000000   177.111111
  1187.446045   195.444444   194.444444   170.555556   192.888889   216.777778   193.333333   215.000000   179.555556   176.555556   184.888889   185.666667  144.333333   154.777778   173.777778   181.111111  155.444444   172.111111   209.111111   168.111111
  1196.965942   191.333333   189.666667   164.555556   185.222222   209.666667   187.666667   206.555556   174.444444   171.555556   177.222222   180.111111  142.222222   148.555556   167.444444   175.888889  150.333333   167.000000   205.111111   162.888889
  1206.482056   175.111111   174.888889   152.777778   170.000000   191.222222   173.777778   190.111111   159.666667   156.222222   163.111111   164.666667  125.777778   135.888889   153.888889   163.444444  139.444444   150.555556   189.888889   148.333333
  1215.991943   181.333333   181.222222   160.111111   177.888889   194.111111   176.555556   196.777778   166.111111   162.555556   168.000000   170.666667  133.777778   139.222222   157.888889   168.888889  144.777778   158.666667   196.111111   154.444444
  1225.496948   172.777778   171.333333   149.222222   165.333333   185.222222   165.888889   181.222222   157.111111   153.888889   159.666667   160.111111  128.000000   132.333333   148.666667   158.222222  138.888889   150.111111   185.777778   150.000000
  1234.995972   170.555556   171.222222   147.111111   165.000000   181.777778   165.444444   182.555556   153.000000   152.222222   155.555556   158.333333  127.444444   129.777778   145.666667   159.333333  140.333333   147.444444   186.444444   147.111111
  1244.490967   164.666667   166.555556   143.333333   159.777778   174.111111   159.777778   176.888889   149.666667   148.222222   150.111111   153.555556  123.666667   127.777778   142.000000   151.666667  136.000000   144.333333   179.888889   143.444444
  1253.979980   161.222222   161.444444   140.222222   155.666667   171.444444   156.888889   175.222222   145.111111   144.222222   147.777778   151.000000  118.000000   122.111111   138.555556   149.777778  130.666667   140.777778   176.000000   140.111111
  1263.463989   156.000000   161.222222   140.111111   155.666667   170.111111   157.444444   171.444444   145.444444   145.111111   145.111111   151.333333  117.222222   120.333333   136.333333   145.222222  127.666667   139.777778   172.555556   138.555556
  1253.373047   160.555556   161.333333   139.888889   155.333333   170.444444   156.555556   174.777778   144.777778   144.222222   147.333333   150.444444  117.666667   121.666667   138.222222   148.555556  130.333333   140.555556   175.777778   139.444444
  1263.345947   157.333333   174.666667   142.555556   165.777778   188.333333   168.000000   180.888889   164.888889   146.888889   167.555556   171.222222  127.444444   143.111111   156.333333   159.222222  142.666667   158.333333   173.444444   150.444444
  1273.317993   172.444444   177.111111   147.555556   168.000000   187.444444   168.333333   188.555556   165.666667   146.555556   163.000000   175.333333  123.666667   141.777778   158.444444   174.666667  145.666667   148.777778   183.555556   146.555556
  1283.291016   169.777778   177.000000   144.111111   163.888889   200.666667   178.444444   186.666667   163.888889   151.666667   171.000000   176.888889  134.888889   149.000000   160.000000   166.333333  143.111111   162.444444   187.888889   148.222222
  1293.261963   189.888889   188.444444   159.444444   181.222222   194.777778   190.333333   196.777778   176.222222   166.333333   178.777778   179.888889  145.777778   149.666667   171.222222   176.111111  146.444444   158.555556   198.000000   154.555556
  1303.234009   191.111111   187.111111   164.111111   183.444444   210.444444   198.555556   209.222222   177.555556   160.444444   184.666667   189.333333  150.000000   168.888889   175.111111   176.666667  154.555556   173.444444   203.555556   166.333333
  1313.206055   198.666667   203.888889   163.666667   187.555556   212.444444   199.333333   210.777778   185.444444   172.333333   195.777778   191.333333  144.000000   168.444444   185.555556   189.000000  161.000000   184.333333   213.111111   170.777778
  1323.177002     0.000000     0.000000     0.000000     0.000000     0.000000     0.000000     0.000000     0.000000     0.000000     0.000000     0.000000    0.000000     0.000000     0.000000     0.000000    0.000000     0.000000     0.000000     0.000000
  1333.147949     0.000000     0.000000     0.000000     0.000000     0.000000     0.000000     0.000000     0.000000     0.000000     0.000000     0.000000    0.000000     0.000000     0.000000     0.000000    0.000000     0.000000     0.000000     0.000000
  1343.119019     0.000000     0.000000     0.000000     0.000000     0.000000     0.000000     0.000000     0.000000     0.000000     0.000000     0.000000    0.000000     0.000000     0.000000     0.000000    0.000000     0.000000     0.000000     0.000000
  1353.088989     0.000000     0.000000     0.000000     0.000000     0.000000     0.000000     0.000000     0.000000     0.000000     0.000000     0.000000    0.000000     0.000000     0.000000     0.000000    0.000000     0.000000     0.000000     0.000000
  1363.060059     0.000000     0.000000     0.000000     0.000000     0.000000     0.000000     0.000000     0.000000     0.000000     0.000000     0.000000    0.000000     0.000000     0.000000     0.000000    0.000000     0.000000     0.000000     0.000000
  1373.030029     0.000000     0.000000     0.000000     0.000000     0.000000     0.000000     0.000000     0.000000     0.000000     0.000000     0.000000    0.000000     0.000000     0.000000     0.000000    0.000000     0.000000     0.000000     0.000000
  1383.000000     0.000000     0.000000     0.000000     0.000000     0.000000     0.000000     0.000000     0.000000     0.000000     0.000000     0.000000    0.000000     0.000000     0.000000     0.000000    0.000000     0.000000     0.000000     0.000000
  1392.968994     0.000000     0.000000     0.000000     0.000000     0.000000     0.000000     0.000000     0.000000     0.000000     0.000000     0.000000    0.000000     0.000000     0.000000     0.000000    0.000000     0.000000     0.000000     0.000000
  1402.938965     0.000000     0.000000     0.000000     0.000000     0.000000     0.000000     0.000000     0.000000     0.000000     0.000000     0.000000    0.000000     0.000000     0.000000     0.000000    0.000000     0.000000     0.000000     0.000000
  1412.907959     0.000000     0.000000     0.000000     0.000000     0.000000     0.000000     0.000000     0.000000     0.000000     0.000000     0.000000    0.000000     0.000000     0.000000     0.000000    0.000000     0.000000     0.000000     0.000000
  1422.876953     0.000000     0.000000     0.000000     0.000000     0.000000     0.000000     0.000000     0.000000     0.000000     0.000000     0.000000    0.000000     0.000000     0.000000     0.000000    0.000000     0.000000     0.000000     0.000000
  1432.844971   799.000000   605.333333   544.555556   728.666667   824.666667   873.333333  1022.777778   814.666667   631.666667   736.555556   785.222222  607.777778   699.888889   740.222222   759.333333  470.888889   713.888889   525.777778   652.666667
  1442.813965   603.111111   625.111111   553.666667   626.444444   676.111111   699.555556   735.111111   586.555556   475.777778   629.555556   518.666667  468.444444   439.666667   707.000000   536.000000  389.777778   472.555556   629.444444   511.888889
  1452.781982   274.111111   244.888889   243.777778   298.888889   314.444444   314.555556   360.555556   287.888889   264.555556   309.666667   295.333333  217.444444   258.555556   284.111111   290.111111  201.111111   311.444444   260.777778   245.111111
  1462.750000   248.222222   251.000000   252.555556   276.777778   298.555556   307.444444   311.000000   271.555556   253.444444   277.222222   275.666667  198.444444   238.111111   282.555556   243.333333  206.111111   252.666667   253.888889   234.666667
  1472.718018   292.777778   239.444444   233.000000   278.111111   310.777778   285.666667   309.222222   280.111111   248.777778   267.111111   268.777778  203.555556   217.000000   304.333333   277.666667  202.222222   262.666667   234.555556   222.000000
  1482.685059   239.555556   224.777778   190.111111   218.666667   254.777778   238.111111   288.000000   240.333333   213.777778   242.444444   245.666667  192.777778   218.333333   238.333333   243.222222  196.888889   201.111111   236.333333   207.666667
  1492.651978   154.888889   148.333333   133.555556   155.777778   182.000000   175.555556   180.000000   163.888889   150.000000   172.777778   173.888889  135.000000   146.666667   164.777778   164.888889  132.555556   149.222222   168.222222   139.666667
  1502.619019   117.666667   119.555556   108.222222   120.666667   140.666667   134.888889   138.555556   130.444444   121.333333   136.555556   136.777778  108.222222   115.444444   129.444444   128.777778  111.222222   118.666667   134.888889   108.888889
  1512.586060   109.777778   108.444444   100.000000   111.555556   133.222222   123.666667   126.222222   121.555556   111.666667   124.666667   127.555556  103.444444   112.666667   117.666667   123.222222  100.777778   108.444444   125.666667   102.111111
  1522.552002   103.666667   106.777778    96.000000    91.333333   110.111111   109.111111   112.000000   117.555556   106.888889   122.000000   120.777778  101.222222    89.222222   110.222222   122.111111   96.555556   101.444444   130.222222   104.111111
  1532.517944    96.000000    98.333333    85.888889    95.555556   117.000000   102.666667   107.444444   104.222222    93.111111   107.444444   104.333333   86.222222    96.666667   103.666667   106.555556   88.666667    92.777778   111.777778    86.777778
  1542.484009   102.333333   101.777778    89.222222    96.555556   113.555556   104.444444   101.555556    99.555556   102.222222   115.777778   106.555556  104.000000   104.777778   108.777778   115.444444   89.333333    91.777778   114.777778    87.222222
  1552.449951    97.000000   100.000000    89.333333    95.555556   118.444444   103.777778   106.333333   104.888889    95.555556   111.444444   108.333333   91.111111    97.777778   102.777778   107.444444   94.222222    94.777778   115.111111    89.111111
  1562.416016    98.222222    98.888889    87.666667    95.555556   114.555556   106.555556   106.888889   104.111111    96.444444   107.111111   106.888889   92.444444    97.777778   101.666667   108.888889   92.111111    95.222222   113.222222    89.111111
  1572.380981    94.000000    97.555556    84.888889    90.888889   113.000000   103.222222   104.000000   103.000000    94.333333   107.777778   104.777778   91.111111    94.333333    99.555556   101.888889   90.000000    94.111111   113.444444    85.333333
  1582.345947    99.666667    99.888889    88.000000    97.444444   115.777778   107.444444   109.555556   103.555556    91.666667   108.666667   108.111111   91.555556    95.888889   102.000000   108.444444   92.444444    95.777778   114.555556    88.888889
  1592.311035   102.000000   102.444444    90.000000    98.666667   115.444444   108.000000   111.555556   108.888889    98.000000   112.000000   110.222222   95.666667   100.222222   105.555556   111.222222   93.888889    95.555556   118.888889    91.111111
  1602.275024   102.111111   104.111111    91.111111   100.333333   114.888889   108.777778   111.888889   109.111111    99.444444   114.555556   109.888889   91.888889    98.555556   103.666667   110.444444   92.888889    99.777778   120.222222    90.111111
  1612.239990   101.333333   104.444444    88.888889    98.666667   115.777778   105.000000   109.666667   105.555556    95.888889   109.555556   107.666667   91.333333    96.444444   102.000000   107.666667   93.000000    95.444444   117.000000    92.222222
  1622.203979   105.777778   105.555556    93.111111   102.555556   122.555556   111.111111   112.666667   111.000000    99.333333   114.222222   114.444444   97.000000   101.555556   106.555556   114.666667   97.222222    97.666667   121.222222    96.777778
  1632.166992   104.222222   105.555556    91.000000   101.888889   121.666667   108.333333   111.666667   109.000000   100.333333   113.333333   111.666667   93.000000   100.888889   104.000000   113.222222   94.333333    98.111111   120.333333    93.111111
  1642.130981   104.555556   107.333333    92.222222   102.444444   121.777778   111.333333   114.555556   108.777778    96.555556   114.333333   112.000000   95.000000    99.444444   103.777778   113.444444   95.111111   101.111111   122.000000    94.222222
  1652.093994   104.444444   107.555556    91.555556   105.666667   122.444444   109.111111   114.222222   111.444444   100.000000   114.888889   112.666667   95.444444    98.888889   108.888889   113.444444   95.333333    99.444444   121.333333    93.333333
  1662.057007   107.444444   106.333333    93.666667   105.888889   124.555556   110.888889   115.777778   110.888889    98.888889   111.444444   111.666667   96.111111   103.222222   106.333333   113.666667   96.222222    98.444444   121.000000    92.222222
