ENVI ASCII Plot File [Thu Jul 28 18:36:01 2016]
Column 1: Wavelength
Column 2: Mean: kelp 1.1~~2##255,0,0
Column 3: Mean: kelp 1.2~~22##0,139,0
Column 4: Mean: kelp 2.1~~4##0,0,255
Column 5: Mean: kelp 2.2~~5##255,255,0
Column 6: Mean: kelp 3.1~~6##0,255,255
Column 7: Mean: kelp 3.2~~7##255,0,255
   365.929810    0.000000    0.000000     0.000000     0.444444    81.888889     0.000000
   375.593994    0.000000    0.000000     3.000000     0.000000   109.222222     0.000000
   385.262512  175.000000  193.111111   217.222222   183.222222   344.000000   157.111111
   394.935486  331.111111  331.888889   296.555556   285.222222   335.222222   244.666667
   404.612915  365.555556  354.333333   314.111111   309.111111   324.111111   280.222222
   414.294586  361.222222  355.111111   308.333333   306.777778   314.555556   291.222222
   423.980804  368.444444  362.111111   318.222222   321.222222   343.666667   313.777778
   433.671295  381.222222  369.888889   332.666667   328.333333   360.888889   334.666667
   443.366211  381.000000  365.222222   336.555556   326.444444   363.333333   351.555556
   453.065491  378.000000  360.777778   328.666667   321.777778   363.111111   355.777778
   462.769196  381.444444  357.888889   336.444444   324.555556   376.222222   363.888889
   472.477295  364.777778  338.888889   318.777778   307.555556   366.888889   354.000000
   482.189789  361.777778  330.888889   314.888889   300.666667   368.111111   357.888889
   491.906586  353.555556  320.777778   307.666667   297.222222   371.444444   357.444444
   501.627899  345.777778  307.555556   300.444444   283.888889   362.444444   349.333333
   511.353485  339.000000  297.666667   292.222222   274.555556   363.000000   346.333333
   521.083618  340.000000  297.777778   300.666667   282.777778   372.888889   353.777778
   530.817993  333.444444  289.777778   297.777778   275.666667   369.666667   349.111111
   540.556824  343.222222  299.222222   311.444444   285.333333   383.777778   360.222222
   550.299988  350.000000  304.111111   325.222222   299.333333   394.000000   373.777778
   560.047729  356.222222  307.000000   342.666667   311.000000   404.666667   384.555556
   569.799622  364.222222  315.111111   362.000000   327.111111   418.000000   399.555556
   579.556030  351.222222  302.666667   350.444444   316.000000   407.888889   386.444444
   589.316772  376.888889  328.444444   389.666667   350.444444   444.666667   425.222222
   599.081909  341.666667  301.222222   362.444444   328.111111   419.111111   402.666667
   608.851501  295.444444  258.666667   310.000000   279.000000   372.444444   358.111111
   618.625427  273.333333  234.666667   276.777778   247.555556   354.888889   337.222222
   628.403687  265.000000  226.000000   266.888889   238.555556   356.555556   331.444444
   638.186523  260.555556  223.888889   269.222222   242.000000   357.555556   334.444444
   647.973572  276.000000  240.444444   296.111111   266.555556   379.222222   359.888889
   657.765076  246.555556  216.777778   247.000000   226.666667   358.444444   330.444444
   667.560974  211.000000  187.777778   200.111111   193.222222   330.555556   302.888889
   655.792297  249.555556  214.000000   258.222222   233.666667   363.444444   338.222222
   665.599426  208.444444  184.888889   197.444444   191.000000   329.666667   301.222222
   675.401184  206.111111  194.111111   192.666667   197.555556   332.888889   307.444444
   685.197876  233.777778  231.666667   239.666667   245.000000   367.666667   345.666667
   694.989380  339.444444  353.222222   454.666667   432.333333   513.333333   510.333333
   704.775574  531.777778  593.000000   823.222222   779.666667   799.555556   868.000000
   714.556580  730.111111  821.777778  1141.444444  1107.111111  1132.444444  1282.111111
   724.332520  877.666667  992.222222  1422.777778  1398.222222  1449.222222  1697.666667
   734.103088  763.000000  879.333333  1267.666667  1260.555556  1389.000000  1620.777778
   743.868530  662.555556  767.333333  1100.777778  1098.666667  1270.777778  1467.222222
   753.628723  653.555556  754.444444  1075.222222  1068.222222  1256.111111  1448.666667
   763.383728  644.222222  746.555556  1068.000000  1055.444444  1243.666667  1439.000000
   773.133484  637.666667  734.666667  1067.444444  1044.333333  1248.222222  1451.333333
   782.878113  656.777778  752.333333  1094.444444  1068.777778  1274.111111  1483.555556
   792.617371  698.000000  795.333333  1158.555556  1124.888889  1338.000000  1560.333333
   802.351624  726.222222  823.555556  1193.888889  1156.888889  1373.555556  1601.333333
   812.080505  780.000000  881.111111  1286.444444  1243.000000  1457.222222  1709.111111
   821.804321  755.444444  856.888889  1276.666667  1229.000000  1429.666667  1686.666667
   831.522827  637.111111  734.777778  1108.666667  1071.111111  1283.777778  1501.666667
   841.236084  538.888889  633.555556   957.111111   922.666667  1147.444444  1331.222222
   850.944214  511.777778  603.222222   904.666667   876.333333  1111.111111  1277.555556
   860.647095  482.888889  570.444444   857.888889   830.111111  1074.555556  1232.000000
   870.344788  463.222222  548.000000   825.777778   799.888889  1045.666667  1195.000000
   880.037170  428.777778  516.111111   784.555556   758.888889  1003.111111  1145.222222
   889.724487  427.555556  513.444444   784.888889   759.666667   997.444444  1147.222222
   899.406616  452.222222  542.888889   852.000000   820.111111  1051.333333  1229.555556
   909.083374  432.666667  525.888889   838.111111   799.666667  1026.000000  1205.555556
   918.755127  381.000000  467.333333   742.222222   710.666667   925.222222  1086.666667
   928.421387  405.000000  497.666667   796.222222   759.888889   988.777778  1163.777778
   938.082703  561.666667  652.777778  1059.777778  1013.888889  1195.000000  1432.666667
   947.738708  349.333333  415.888889   598.666667   594.111111   802.888889   876.111111
   957.389526  299.555556  359.000000   483.222222   478.222222   717.000000   758.111111
   967.035095  209.000000  258.777778   326.444444   326.888889   563.111111   577.000000
   976.675476  175.555556  215.111111   275.111111   274.666667   494.888889   507.444444
   986.310608  145.777778  188.333333   234.888889   232.555556   447.111111   457.555556
   995.940613  137.777778  179.444444   220.333333   219.666667   425.777778   436.666667
  1005.565002  146.555556  186.555556   237.444444   233.666667   446.666667   455.777778
  1015.184998  154.111111  199.555556   256.444444   254.777778   470.666667   484.888889
  1024.798950  165.444444  215.777778   285.444444   280.555556   503.555556   520.333333
  1034.407959  175.555556  226.555556   310.333333   307.666667   534.111111   557.333333
  1044.011963  191.444444  249.777778   346.111111   341.333333   574.333333   603.666667
  1053.610962  202.000000  262.666667   369.666667   365.000000   601.222222   638.000000
  1063.203979  214.111111  277.333333   393.222222   388.888889   629.888889   664.222222
  1072.792969  213.777778  278.333333   399.777778   393.222222   636.000000   672.444444
  1082.375977  208.000000  271.555556   386.333333   382.222222   622.333333   656.555556
  1091.953979  206.666667  272.444444   383.333333   378.888889   622.888889   654.666667
  1101.526001  214.222222  278.111111   399.888889   393.444444   637.111111   677.888889
  1111.093994  224.222222  287.000000   417.000000   419.555556   662.888889   706.666667
  1120.656006  335.333333  428.555556   561.555556   615.777778   988.333333   917.222222
  1130.213013  308.444444  381.222222   488.666667   528.000000   886.333333   768.111111
  1139.765015  207.888889  253.222222   310.111111   322.111111   636.444444   553.222222
  1149.311035  245.444444  287.333333   343.444444   368.888889   740.000000   627.666667
  1158.853027  151.777778  180.000000   203.000000   213.888889   484.777778   431.888889
  1168.389038  117.666667  150.888889   153.888889   166.666667   395.000000   360.888889
  1177.920044  110.333333  137.888889   138.555556   151.000000   370.666667   332.000000
  1187.446045   97.000000  128.777778   125.777778   139.111111   351.111111   313.555556
  1196.965942  100.111111  123.333333   122.666667   133.000000   347.666667   308.666667
  1206.482056   85.111111  109.666667   106.555556   116.333333   320.555556   286.333333
  1215.991943   92.333333  113.888889   113.888889   124.888889   334.555556   293.888889
  1225.496948   84.000000  108.888889   103.555556   114.555556   320.777778   279.222222
  1234.995972   88.666667  110.444444   103.555556   113.333333   315.000000   275.555556
  1244.490967   84.333333  109.333333   100.000000   110.444444   313.777778   268.111111
  1253.979980   84.111111  105.777778    94.888889   107.666667   309.777778   261.777778
  1263.463989   81.111111  106.333333    92.555556   104.888889   321.666667   254.000000
  1253.373047   83.111111  104.888889    94.555556   106.444444   308.888889   260.888889
  1263.345947   88.777778  102.111111   112.555556   100.111111   293.666667   259.222222
  1273.317993   93.333333  111.888889   110.777778   118.222222   276.888889   276.111111
  1283.291016   90.888889  109.666667   120.555556   115.444444   276.666667   267.111111
  1293.261963  101.555556  101.222222   142.111111   124.333333   284.222222   290.666667
  1303.234009   99.666667  117.333333   129.444444   124.222222   290.333333   288.111111
  1313.206055  113.000000  122.666667   132.333333   132.000000   313.666667   311.000000
  1323.177002    0.000000    0.000000     0.000000     0.000000     0.000000     0.000000
  1333.147949    0.000000    0.000000     0.000000     0.000000     0.000000     0.000000
  1343.119019    0.000000    0.000000     0.000000     0.000000     0.000000     0.000000
  1353.088989    0.000000    0.000000     0.000000     0.000000     0.000000     0.000000
  1363.060059    0.000000    0.000000     0.000000     0.000000     0.000000     0.000000
  1373.030029    0.000000    0.000000     0.000000     0.000000     0.000000     0.000000
  1383.000000    0.000000    0.000000     0.000000     0.000000     0.000000     0.000000
  1392.968994    0.000000    0.000000     0.000000     0.000000     0.000000     0.000000
  1402.938965    0.000000    0.000000     0.000000     0.000000     0.000000     0.000000
  1412.907959    0.000000    0.000000     0.000000     0.000000     0.000000     0.000000
  1422.876953    0.000000    0.000000     0.000000     0.000000     0.000000     0.000000
  1432.844971  581.000000  624.555556   851.777778   724.111111  1212.333333   966.555556
  1442.813965  408.888889  477.000000   550.777778   641.555556   881.222222   765.222222
  1452.781982  204.444444  199.111111   259.333333   262.000000   509.444444   463.888889
  1462.750000  176.888889  191.777778   278.666667   254.333333   495.666667   439.444444
  1472.718018  160.000000  161.555556   238.000000   226.777778   462.555556   396.666667
  1482.685059  147.777778  169.000000   192.888889   198.555556   408.333333   355.666667
  1492.651978   83.333333   94.333333   112.000000   112.111111   294.111111   268.333333
  1502.619019   65.555556   80.222222    86.111111    90.000000   223.888889   217.444444
  1512.586060   63.777778   74.333333    79.000000    77.444444   207.666667   208.777778
  1522.552002   63.888889   53.444444    64.222222    73.333333   191.000000   205.111111
  1532.517944   51.444444   62.888889    62.666667    64.444444   180.444444   181.888889
  1542.484009   55.444444   60.888889    72.111111    66.777778   159.111111   191.888889
  1552.449951   57.000000   66.888889    67.333333    67.000000   181.666667   185.444444
  1562.416016   56.333333   63.666667    65.555556    66.555556   178.888889   185.666667
  1572.380981   52.333333   61.777778    63.222222    65.000000   178.333333   181.666667
  1582.345947   54.111111   63.000000    68.666667    65.000000   182.111111   185.666667
  1592.311035   57.333333   66.888889    69.222222    68.555556   185.000000   193.222222
  1602.275024   61.666667   66.777778    68.666667    69.888889   183.000000   192.888889
  1612.239990   54.222222   67.111111    69.666667    66.333333   184.111111   188.222222
  1622.203979   60.000000   69.777778    72.333333    70.555556   193.555556   198.000000
  1632.166992   56.333333   66.666667    67.888889    68.444444   188.333333   194.555556
  1642.130981   56.222222   71.777778    73.888889    70.333333   182.555556   196.777778
  1652.093994   56.333333   67.333333    71.222222    73.666667   186.333333   194.777778
  1662.057007   58.888889   70.000000    71.555556    73.666667   186.555556   197.333333
