ENVI ASCII Plot File [Tue Jul 19 15:01:31 2016]
Column 1: Wavelength
Column 2: Mean: kelp 1.1~~2##255,0,0
Column 3: Mean: kelp 1.2~~22##0,139,0
Column 4: Mean: kelp 1.3~~4##0,0,255
Column 5: Mean: kelp 1.4~~5##255,255,0
Column 6: Mean: kelp 2.1~~6##0,255,255
Column 7: Mean: kelp 2.2~~7##255,0,255
Column 8: Mean: kelp 4.1~~28##139,139,0
Column 9: Mean: kelp 4.2~~31##0,139,139
Column 10: Mean: kelp 5.1~~19##139,0,0
Column 11: Mean: kelp 5.2~~3##0,255,0
Column 12: Mean: kelp 6.1~~25##0,0,139
Column 13: Mean: kelp 6.2~~11##255,127,80
Column 14: Mean: kelp 6.3~~15##127,255,0
Column 15: Mean: kelp 7.1~~13##218,112,214
Column 16: Mean: kelp 8.1~~18##205,0,0
Column 17: Mean: kelp 9.1~~9##46,139,87
Column 18: Mean: kelp 3.1~~25##0,0,139
   365.929810    0.000000    0.000000    0.000000    0.000000    0.000000    0.000000    0.666667    2.666667    6.666667   32.777778    7.666667    6.555556   12.444444   13.333333   50.000000  102.333333    0.000000
   375.593994    0.000000    0.000000    0.000000    0.000000    0.000000    0.000000    1.888889   55.000000    5.666667   39.777778   14.888889   34.888889   36.666667   22.555556   72.111111   91.777778    0.000000
   385.262512  151.666667  166.111111  164.555556  139.666667  141.000000  181.000000  259.333333  275.888889  289.000000  316.000000  310.000000  302.333333  323.000000  316.444444  366.333333  357.888889  281.444444
   394.935486  326.333333  321.000000  332.888889  305.666667  305.111111  366.000000  445.000000  443.444444  417.000000  447.000000  451.888889  461.666667  456.111111  465.666667  507.555556  513.333333  436.555556
   404.612915  347.777778  339.666667  339.555556  320.111111  312.888889  355.000000  451.222222  458.222222  435.222222  468.222222  461.222222  480.000000  483.111111  474.000000  516.000000  525.222222  439.555556
   414.294586  362.222222  343.444444  345.111111  327.555556  300.666667  362.000000  443.555556  443.444444  413.222222  453.888889  441.333333  471.888889  465.111111  473.000000  487.666667  504.222222  425.222222
   423.980804  369.111111  347.333333  348.666667  336.444444  309.444444  358.666667  437.555556  429.444444  404.222222  436.666667  437.444444  462.555556  459.222222  457.000000  477.222222  499.444444  424.000000
   433.671295  383.666667  359.555556  361.555556  349.777778  321.111111  380.666667  442.333333  438.777778  409.777778  441.666667  434.666667  463.333333  461.111111  454.444444  475.000000  491.444444  434.333333
   443.366211  392.333333  363.111111  367.222222  348.777778  318.666667  377.000000  441.666667  438.777778  400.555556  446.444444  425.000000  460.888889  453.888889  445.444444  459.888889  481.555556  434.333333
   453.065491  392.666667  354.777778  364.444444  346.555556  313.444444  377.000000  431.111111  429.888889  383.333333  433.777778  415.111111  443.222222  442.222222  432.666667  444.666667  472.333333  420.000000
   462.769196  397.555556  363.333333  367.000000  343.000000  307.333333  381.666667  431.888889  432.111111  379.222222  432.333333  407.333333  441.666667  437.777778  428.222222  431.666667  465.000000  424.333333
   472.477295  384.777778  343.333333  359.111111  332.777778  291.333333  366.000000  417.000000  412.222222  357.444444  414.555556  379.888889  421.222222  415.000000  400.111111  406.333333  438.111111  406.555556
   482.189789  380.222222  337.000000  352.888889  321.000000  280.333333  359.333333  409.222222  408.333333  346.555556  405.777778  370.111111  408.000000  404.222222  390.000000  391.333333  426.000000  399.222222
   491.906586  375.000000  331.666667  344.111111  312.111111  273.666667  356.333333  400.555556  398.333333  336.555556  397.000000  353.333333  393.111111  393.444444  371.000000  376.111111  407.222222  387.888889
   501.627899  362.444444  317.555556  333.666667  299.555556  258.000000  346.333333  385.888889  381.000000  318.111111  380.000000  338.555556  374.333333  372.888889  351.888889  357.333333  391.777778  376.555556
   511.353485  342.222222  297.000000  320.222222  281.222222  242.111111  333.666667  363.666667  366.444444  297.666667  360.444444  318.222222  356.000000  354.111111  332.333333  336.111111  374.111111  359.111111
   521.083618  337.666667  297.333333  322.666667  279.333333  240.111111  335.666667  362.222222  365.777778  293.222222  358.111111  311.333333  349.888889  347.888889  323.666667  330.222222  368.000000  357.444444
   530.817993  324.777778  285.888889  311.777778  266.666667  229.777778  324.666667  348.666667  353.555556  279.666667  344.666667  296.444444  336.777778  334.777778  309.666667  316.222222  352.000000  346.222222
   540.556824  329.222222  290.000000  318.888889  271.222222  236.666667  330.333333  351.777778  358.777778  282.444444  347.333333  298.111111  340.777778  338.111111  312.888889  318.222222  352.888889  351.444444
   550.299988  322.000000  286.111111  314.555556  267.333333  234.666667  333.333333  346.555556  356.444444  282.777778  340.444444  294.222222  336.333333  333.222222  304.888889  313.666667  350.444444  348.111111
   560.047729  312.111111  281.000000  314.222222  268.000000  235.555556  329.000000  338.888889  352.333333  281.222222  334.000000  290.555556  330.444444  325.000000  296.555556  310.333333  342.777778  342.888889
   569.799622  300.333333  278.555556  310.777778  263.111111  232.444444  328.666667  334.000000  348.333333  274.888889  327.666667  285.555556  322.888889  317.222222  288.111111  307.000000  343.777778  336.333333
   579.556030  274.222222  254.888889  287.444444  240.111111  214.222222  303.333333  308.222222  322.000000  253.888889  300.111111  262.444444  298.222222  291.444444  265.222222  284.333333  315.555556  311.111111
   589.316772  266.222222  257.666667  285.000000  244.111111  227.888889  300.666667  304.111111  322.222222  261.888889  294.222222  269.333333  295.222222  285.444444  265.444444  293.444444  323.222222  311.222222
   599.081909  220.000000  218.111111  243.777778  206.333333  195.111111  253.666667  259.777778  276.111111  227.222222  245.555556  231.666667  253.555556  242.777778  226.000000  255.444444  276.888889  265.555556
   608.851501  183.111111  178.333333  201.111111  169.444444  162.444444  212.333333  215.444444  226.777778  180.444444  203.333333  191.444444  208.555556  203.333333  190.000000  212.222222  230.333333  222.444444
   618.625427  168.666667  161.555556  181.444444  151.111111  142.777778  190.333333  197.666667  203.222222  163.000000  187.888889  171.555556  190.111111  184.777778  171.000000  191.000000  207.444444  201.666667
   628.403687  160.222222  154.222222  170.666667  142.555556  134.333333  181.333333  188.222222  194.555556  155.888889  176.555556  162.222222  179.555556  174.666667  160.333333  182.777778  195.555556  188.000000
   638.186523  154.666667  152.444444  168.666667  141.777778  135.111111  176.666667  183.000000  188.777778  154.222222  172.000000  158.666667  175.000000  171.000000  158.111111  179.555556  194.777778  188.777778
   647.973572  159.444444  159.888889  175.333333  148.111111  145.444444  183.000000  187.777778  198.888889  164.333333  177.444444  168.111111  180.555556  173.333333  165.444444  188.777778  201.000000  193.666667
   657.765076  149.888889  149.000000  155.888889  134.888889  133.333333  169.000000  176.555556  176.444444  147.555556  161.111111  154.222222  166.111111  160.777778  152.444444  172.222222  181.222222  177.222222
   667.560974  131.888889  128.666667  135.666667  114.444444  112.777778  141.000000  155.888889  152.777778  126.444444  141.444444  133.444444  144.888889  141.555556  130.333333  152.555556  155.888889  154.666667
   655.792297  144.444444  147.000000  153.888889  129.111111  130.555556  155.000000  170.333333  176.000000  146.333333  158.222222  151.888889  164.000000  155.333333  148.555556  171.555556  182.333333  169.111111
   665.599426  129.888889  126.555556  134.000000  112.444444  111.222222  139.333333  154.666667  149.666667  124.111111  139.444444  132.000000  143.111111  139.888889  128.333333  150.555556  153.111111  152.666667
   675.401184  125.666667  127.222222  134.555556  114.555556  113.888889  133.666667  155.111111  145.666667  128.666667  134.444444  132.555556  144.000000  142.000000  128.222222  152.444444  150.777778  150.111111
   685.197876  132.222222  140.888889  143.555556  127.111111  130.000000  145.333333  167.000000  156.111111  144.444444  143.555556  150.666667  154.444444  153.555556  141.555556  173.000000  165.444444  163.333333
   694.989380  171.777778  205.888889  204.444444  185.888889  216.000000  207.000000  226.444444  227.333333  227.555556  197.222222  222.888889  210.555556  201.888889  200.555556  256.333333  253.333333  216.666667
   704.775574  246.555556  345.666667  320.666667  310.666667  398.888889  322.333333  347.222222  363.555556  397.000000  302.222222  384.222222  318.555556  295.444444  318.777778  433.555556  432.555556  332.666667
   714.556580  319.444444  484.888889  433.888889  438.000000  586.000000  429.333333  463.888889  497.333333  565.555556  400.333333  551.444444  423.777778  387.111111  432.222222  611.222222  611.111111  439.333333
   724.332520  367.222222  588.666667  510.888889  523.333333  718.777778  514.666667  548.555556  605.000000  695.333333  464.222222  673.444444  494.555556  429.111111  500.000000  736.444444  762.000000  512.666667
   734.103088  343.666667  550.222222  476.888889  483.111111  672.444444  479.000000  509.333333  569.000000  651.777778  429.444444  621.444444  449.222222  378.000000  463.666667  678.666667  721.222222  475.333333
   743.868530  315.000000  499.777778  433.555556  439.111111  613.111111  435.333333  461.222222  524.333333  591.888889  391.777778  562.555556  406.333333  337.222222  421.666667  610.111111  656.333333  431.111111
   753.628723  317.555556  496.888889  432.333333  437.000000  606.666667  436.666667  461.666667  516.444444  587.666667  394.333333  557.666667  406.555556  337.111111  423.666667  602.111111  650.444444  429.111111
   763.383728  308.888889  483.222222  426.888889  423.000000  587.222222  422.333333  453.777778  511.555556  572.000000  382.666667  544.666667  399.777778  328.555556  414.000000  586.222222  639.111111  418.777778
   773.133484  304.888889  482.444444  419.333333  423.888889  594.444444  427.000000  452.666667  504.777778  572.555556  380.666667  544.888889  393.333333  320.555556  413.444444  586.777778  646.888889  417.888889
   782.878113  309.555556  491.666667  428.333333  427.888889  599.111111  433.000000  456.666667  509.000000  578.222222  384.777778  551.666667  399.555556  325.555556  416.000000  590.666667  653.111111  424.111111
   792.617371  317.444444  505.666667  443.888889  443.888889  623.777778  445.666667  473.333333  527.555556  600.666667  396.111111  573.888889  411.888889  337.666667  428.666667  612.222222  679.888889  439.111111
   802.351624  322.777778  519.111111  451.222222  455.222222  638.333333  451.333333  481.666667  534.555556  612.888889  400.666667  590.000000  423.777778  345.666667  438.444444  625.111111  692.444444  447.777778
   812.080505  339.777778  547.444444  476.666667  481.000000  669.444444  476.333333  510.444444  562.000000  642.111111  424.111111  621.111111  445.888889  364.111111  460.333333  660.777778  731.777778  474.000000
   821.804321  326.555556  535.333333  466.000000  466.111111  653.333333  470.000000  500.888889  553.888889  629.666667  413.333333  607.333333  433.555556  349.666667  446.000000  645.666667  721.000000  464.000000
   831.522827  296.333333  481.666667  421.000000  417.444444  583.333333  425.333333  452.222222  501.333333  568.000000  372.777778  544.222222  388.111111  306.666667  403.777778  579.000000  648.555556  419.222222
   841.236084  269.444444  435.222222  376.111111  374.222222  528.222222  383.000000  406.888889  452.333333  514.333333  339.111111  486.222222  348.444444  271.777778  365.777778  515.666667  587.111111  378.222222
   850.944214  271.333333  424.333333  371.888889  366.777778  512.111111  378.333333  401.888889  441.111111  504.666667  330.888889  477.222222  344.444444  267.666667  360.000000  502.888889  569.222222  370.000000
   860.647095  260.000000  410.888889  355.888889  353.555556  494.888889  366.000000  386.888889  422.555556  483.666667  321.111111  456.111111  328.333333  254.111111  345.333333  482.000000  550.666667  357.666667
   870.344788  255.777778  398.555556  349.888889  345.111111  481.111111  355.333333  379.888889  412.777778  472.777778  313.555556  446.000000  323.222222  247.777778  340.888889  470.111111  533.222222  350.333333
   880.037170  239.888889  380.777778  333.000000  323.666667  458.000000  338.000000  360.666667  396.000000  451.888889  295.444444  425.333333  307.000000  230.444444  322.333333  444.666667  513.888889  333.444444
   889.724487  244.222222  385.555556  339.444444  329.777778  464.000000  344.666667  367.111111  400.777778  458.444444  299.888889  428.111111  311.111111  233.222222  327.777778  454.111111  516.000000  340.111111
   899.406616  249.888889  399.444444  351.444444  341.111111  480.111111  359.666667  380.555556  411.888889  476.555556  309.222222  446.888889  318.888889  237.777778  332.666667  470.666667  542.444444  352.555556
   909.083374  239.333333  391.444444  340.444444  333.777778  470.222222  348.333333  365.666667  398.888889  466.000000  297.333333  435.333333  308.333333  225.333333  326.555556  460.111111  535.000000  342.333333
   918.755127  222.111111  357.555556  317.333333  308.222222  435.777778  325.000000  344.000000  369.777778  431.444444  275.555556  402.444444  286.444444  209.888889  300.444444  429.000000  495.444444  319.333333
   928.421387  242.000000  387.000000  346.111111  331.666667  467.333333  350.333333  368.333333  395.777778  464.555556  297.222222  433.555556  307.222222  224.000000  324.888889  455.111111  529.777778  338.000000
   938.082703  289.444444  459.666667  404.666667  403.000000  564.000000  408.666667  420.000000  482.555556  541.777778  354.000000  527.777778  367.555556  283.666667  382.555556  539.555556  618.777778  404.444444
   947.738708  199.666667  313.333333  274.666667  271.000000  377.777778  269.000000  294.666667  321.555556  370.222222  243.111111  344.777778  252.333333  194.000000  268.333333  363.222222  417.111111  269.222222
   957.389526  197.000000  285.777778  259.555556  252.666667  340.222222  259.000000  285.111111  292.333333  337.777778  232.555556  316.000000  238.444444  187.444444  251.222222  328.777778  370.222222  260.222222
   967.035095  164.222222  222.555556  206.333333  194.111111  267.111111  213.333333  233.000000  220.333333  261.111111  186.666667  243.888889  190.111111  151.666667  201.666667  253.777778  277.000000  206.666667
   976.675476  146.222222  192.222222  182.000000  173.111111  232.777778  183.000000  205.000000  192.777778  225.000000  158.000000  212.000000  164.333333  130.111111  175.000000  216.111111  239.777778  178.888889
   986.310608  135.000000  177.666667  165.666667  153.555556  212.111111  170.000000  185.222222  174.666667  205.333333  146.777778  192.111111  147.333333  117.777778  161.555556  197.666667  218.666667  167.222222
   995.940613  128.333333  170.000000  161.000000  149.444444  204.222222  161.333333  180.444444  167.888889  196.777778  140.444444  184.555556  143.222222  112.666667  153.888889  188.555556  208.222222  160.555556
  1005.565002  136.111111  181.555556  173.333333  158.222222  217.777778  172.666667  189.555556  177.222222  208.222222  148.666667  194.111111  152.333333  119.222222  163.777778  201.444444  224.000000  169.888889
  1015.184998  142.444444  192.333333  185.000000  168.555556  231.333333  184.333333  204.333333  189.444444  225.444444  159.777778  209.666667  162.333333  127.666667  172.666667  214.777778  241.888889  180.555556
  1024.798950  153.222222  207.777778  200.555556  184.444444  252.555556  196.666667  217.888889  205.000000  247.444444  172.666667  229.444444  172.555556  136.333333  187.111111  233.666667  264.444444  197.333333
  1034.407959  157.333333  220.666667  210.111111  193.222222  269.111111  207.333333  229.000000  217.222222  261.444444  178.888889  243.555556  183.888889  140.000000  195.444444  248.222222  282.333333  204.666667
  1044.011963  169.444444  238.111111  227.333333  211.111111  286.777778  228.333333  242.111111  238.555556  285.777778  192.000000  266.777778  197.888889  149.000000  213.222222  269.555556  307.888889  219.777778
  1053.610962  170.111111  246.888889  233.444444  217.888889  300.888889  231.666667  250.555556  247.000000  296.444444  199.222222  276.555556  204.555556  151.000000  218.222222  280.888889  322.555556  228.333333
  1063.203979  178.000000  259.555556  247.333333  227.000000  315.777778  239.666667  264.222222  255.888889  309.333333  208.111111  290.888889  214.000000  160.666667  228.444444  295.555556  337.555556  235.333333
  1072.792969  175.222222  256.333333  244.222222  230.444444  317.111111  241.666667  262.333333  256.555556  309.333333  204.444444  292.444444  211.333333  156.333333  225.000000  294.000000  337.777778  235.777778
  1082.375977  171.444444  249.333333  238.000000  223.000000  310.000000  234.000000  257.333333  249.000000  303.555556  199.888889  284.555556  206.555556  153.555556  219.222222  285.888889  330.666667  229.111111
  1091.953979  171.222222  249.222222  238.888889  221.888889  309.666667  230.666667  258.111111  247.666667  303.000000  198.777778  283.111111  205.666667  155.000000  219.000000  284.555556  329.444444  229.111111
  1101.526001  168.333333  248.333333  237.111111  223.555556  313.666667  233.666667  255.333333  246.000000  301.777778  201.222222  284.666667  207.777778  153.333333  217.666667  284.444444  330.777778  224.777778
  1111.093994  155.333333  240.777778  220.777778  217.111111  309.888889  218.000000  234.666667  246.111111  299.888889  183.555556  278.111111  197.555556  146.666667  207.444444  277.333333  323.777778  217.444444
  1120.656006  160.666667  246.000000  219.000000  228.777778  309.333333  214.000000  244.666667  265.333333  315.111111  191.222222  284.555556  208.777778  171.555556  221.666667  289.777778  353.888889  219.333333
  1130.213013  147.444444  232.888889  212.888889  207.111111  265.222222  183.000000  211.555556  239.666667  277.666667  168.888889  262.555556  200.000000  151.666667  202.555556  257.888889  286.888889  207.666667
  1139.765015  114.666667  172.555556  149.888889  144.000000  189.888889  142.000000  161.888889  164.333333  201.777778  133.333333  185.333333  139.888889  106.666667  143.222222  183.555556  202.111111  144.000000
  1149.311035  128.555556  191.444444  166.666667  150.444444  198.222222  159.666667  199.555556  168.888889  212.555556  155.888889  205.888889  158.000000  130.222222  165.555556  204.888889  209.000000  180.333333
  1158.853027  106.777778  140.222222  124.777778  122.000000  153.444444  123.000000  153.333333  121.444444  156.111111  109.777778  151.888889  114.000000   92.222222  123.555556  141.666667  153.111111  129.000000
  1168.389038   99.888889  120.333333  111.777778  101.333333  132.555556  108.333333  134.555556  103.333333  129.333333  100.222222  123.333333  103.777778   85.888889  108.000000  118.111111  125.000000  113.222222
  1177.920044   96.444444  110.333333  103.444444   96.222222  120.777778  100.666667  131.444444   95.444444  120.777778   91.444444  116.666667   96.777778   80.777778  102.555556  111.555556  113.000000  106.555556
  1187.446045   84.666667   98.555556   94.000000   87.222222  111.000000   86.333333  121.888889   89.666667  105.777778   85.000000  105.777778   86.000000   74.555556   90.888889   99.555556  101.666667   96.444444
  1196.965942   87.222222  100.888889   96.111111   86.555556  105.888889   93.333333  121.666667   84.666667  105.000000   82.555556  103.111111   89.888889   72.666667   91.666667   95.777778  101.555556   98.444444
  1206.482056   75.111111   88.000000   80.111111   72.666667   96.555556   76.666667  105.000000   72.777778   92.222222   73.666667   91.222222   73.888889   62.111111   83.333333   83.555556   85.111111   84.000000
  1215.991943   84.222222   98.111111   90.333333   83.888889  104.444444   86.000000  108.777778   80.555556  101.777778   78.777778  101.555556   82.000000   72.555556   89.777778   92.555556   93.444444   93.333333
  1225.496948   81.444444   92.666667   86.777778   76.666667   98.111111   84.000000  115.111111   75.555556   94.444444   76.888889   92.222222   79.111111   67.333333   86.444444   86.000000   90.444444   89.888889
  1234.995972   84.888889   94.888889   92.777778   81.666667  103.000000   89.000000  118.333333   77.888889   98.444444   78.888889   98.111111   84.000000   71.555556   93.222222   92.444444   91.888889   93.111111
  1244.490967   82.222222   91.000000   86.888889   80.333333   99.666667   83.333333  111.000000   74.666667   95.444444   79.333333   93.444444   80.555556   69.111111   88.444444   88.222222   91.555556   90.777778
  1253.979980   78.444444   88.555556   85.666667   76.000000   97.777778   81.000000  103.666667   72.333333   92.333333   73.666667   91.222222   76.555556   68.555556   84.444444   83.000000   83.666667   86.666667
  1263.463989   78.444444   84.888889   78.222222   73.555556   93.666667   75.333333  105.000000   68.333333   88.111111   71.000000   89.111111   76.666667   68.777778   81.111111   81.222222   84.000000   80.555556
  1253.373047   78.333333   87.666667   85.333333   75.555556   97.000000   80.000000  103.333333   72.222222   91.444444   73.555556   91.222222   75.888889   68.000000   83.777778   82.111111   83.222222   86.111111
  1263.345947   93.555556   91.555556   79.222222   76.444444   97.111111   81.000000   86.777778   76.000000   84.000000   87.888889   80.666667   77.777778   71.444444   94.111111   84.555556   91.444444   82.222222
  1273.317993   90.777778   96.333333   99.666667   90.111111  106.555556   86.333333   96.222222   79.666667  103.888889   85.555556   88.666667   91.666667   74.222222   95.000000   93.888889  101.111111   93.444444
  1283.291016   96.000000  108.333333   95.111111   85.555556  103.111111   83.333333   94.111111   89.555556   89.222222   76.111111   91.555556   89.222222   74.666667   89.222222   95.222222  101.777778   91.111111
  1293.261963   97.888889  115.777778   99.111111  100.888889  120.666667   99.000000  108.111111  105.888889  104.333333   81.444444   98.222222   91.222222   73.777778  104.111111  106.777778  120.666667  101.000000
  1303.234009  105.555556  105.555556   95.000000   94.000000  113.333333  101.666667  103.777778  102.333333  109.666667   92.000000   95.222222   86.888889   78.333333   94.555556  102.888889  105.777778  105.888889
  1313.206055   98.777778  110.222222   89.111111   88.777778  112.666667   98.000000  108.333333   88.333333   96.666667   91.777778   96.777778   82.222222   74.555556   99.444444   96.333333  114.444444   97.888889
  1323.177002    0.000000    0.000000    0.000000    0.000000    0.000000    0.000000    0.000000    0.000000    0.000000    0.000000    0.000000    0.000000    0.000000    0.000000    0.000000    0.000000    0.000000
  1333.147949    0.000000    0.000000    0.000000    0.000000    0.000000    0.000000    0.000000    0.000000    0.000000    0.000000    0.000000    0.000000    0.000000    0.000000    0.000000    0.000000    0.000000
  1343.119019    0.000000    0.000000    0.000000    0.000000    0.000000    0.000000    0.000000    0.000000    0.000000    0.000000    0.000000    0.000000    0.000000    0.000000    0.000000    0.000000    0.000000
  1353.088989    0.000000    0.000000    0.000000    0.000000    0.000000    0.000000    0.000000    0.000000    0.000000    0.000000    0.000000    0.000000    0.000000    0.000000    0.000000    0.000000    0.000000
  1363.060059    0.000000    0.000000    0.000000    0.000000    0.000000    0.000000    0.000000    0.000000    0.000000    0.000000    0.000000    0.000000    0.000000    0.000000    0.000000    0.000000    0.000000
  1373.030029    0.000000    0.000000    0.000000    0.000000    0.000000    0.000000    0.000000    0.000000    0.000000    0.000000    0.000000    0.000000    0.000000    0.000000    0.000000    0.000000    0.000000
  1383.000000    0.000000    0.000000    0.000000    0.000000    0.000000    0.000000    0.000000    0.000000    0.000000    0.000000    0.000000    0.000000    0.000000    0.000000    0.000000    0.000000    0.000000
  1392.968994    0.000000    0.000000    0.000000    0.000000    0.000000    0.000000    0.000000    0.000000    0.000000    0.000000    0.000000    0.000000    0.000000    0.000000    0.000000    0.000000    0.000000
  1402.938965    0.000000    0.000000    0.000000    0.000000    0.000000    0.000000    0.000000    0.000000    0.000000    0.000000    0.000000    0.000000    0.000000    0.000000    0.000000    0.000000    0.000000
  1412.907959    0.000000    0.000000    0.000000    0.000000    0.000000    0.000000    0.000000    0.000000    0.000000    0.000000    0.000000    0.000000    0.000000    0.000000    0.000000    0.000000    0.000000
  1422.876953    0.000000    0.000000    0.000000    0.000000    0.000000    0.000000    0.000000    0.000000    0.000000    0.000000    0.000000    0.000000    0.000000    0.000000    0.000000    0.000000    0.000000
  1432.844971  215.666667  353.111111  279.000000  364.444444  193.000000  258.333333  291.888889  327.444444  373.111111  207.777778  326.111111  237.666667  154.333333  227.111111  424.333333  396.555556  218.333333
  1442.813965  173.444444  205.444444  159.222222  142.666667  219.000000  198.666667  313.333333  144.444444  214.888889  164.111111  206.222222  122.777778   91.777778  196.666667  227.888889  242.666667  218.333333
  1452.781982  111.888889  162.666667  110.000000   98.333333  114.666667  116.333333  156.555556  104.111111  129.555556   93.888889   98.666667   85.000000   81.333333  115.000000  153.666667  135.333333  110.777778
  1462.750000   90.333333  137.666667   51.111111   64.000000  112.888889   92.333333  136.444444   84.444444  153.333333  118.444444  124.444444   96.222222   66.333333   91.888889  128.000000  136.555556  103.555556
  1472.718018   96.888889  124.666667   88.222222   96.333333  127.555556   80.000000  158.111111   94.666667  127.666667   80.777778   92.111111  100.444444   77.555556  117.222222  135.777778  121.666667  105.777778
  1482.685059   88.666667  120.888889   80.111111   91.111111  101.666667  104.333333  115.000000   94.777778   93.333333   87.333333   88.444444   84.777778   70.333333   85.111111  107.888889  113.444444   91.666667
  1492.651978   74.888889   94.000000   64.888889   66.444444   79.000000   65.000000   84.222222   65.777778   76.444444   71.111111   67.555556   70.666667   55.333333   74.333333   78.777778   78.222222   74.777778
  1502.619019   69.666667   74.111111   60.555556   58.222222   59.444444   54.000000   65.333333   52.555556   55.333333   56.888889   58.333333   59.666667   46.000000   63.222222   61.333333   62.000000   63.444444
  1512.586060   69.333333   75.555556   53.777778   55.666667   59.111111   59.666667   66.777778   51.777778   53.555556   59.000000   53.777778   58.888889   46.777778   61.555556   64.444444   53.111111   59.222222
  1522.552002   70.111111   69.666667   58.333333   50.333333   56.333333   59.333333   65.222222   47.333333   47.333333   54.222222   54.888889   53.666667   44.888889   56.333333   58.555556   52.333333   52.666667
  1532.517944   62.777778   65.888889   47.000000   49.000000   52.111111   51.000000   62.666667   42.666667   47.777778   54.000000   48.666667   51.666667   44.555556   56.111111   51.777778   46.333333   53.777778
  1542.484009   66.555556   60.888889   55.000000   52.888889   48.777778   51.666667   63.777778   43.666667   43.777778   47.444444   45.333333   56.555556   42.666667   59.000000   51.111111   42.333333   49.222222
  1552.449951   69.222222   71.111111   57.000000   51.888889   56.444444   56.666667   67.000000   49.444444   51.888889   55.333333   53.000000   57.555556   43.888889   61.111111   56.111111   50.222222   55.555556
  1562.416016   67.222222   67.000000   54.222222   49.000000   56.111111   54.000000   64.666667   46.111111   49.222222   53.111111   49.000000   52.777778   45.000000   55.555556   55.222222   47.222222   51.666667
  1572.380981   67.666667   67.111111   52.111111   50.333333   55.777778   56.000000   67.111111   49.777778   50.333333   57.111111   48.555556   54.222222   44.222222   55.777778   54.000000   50.222222   57.777778
  1582.345947   68.777778   72.444444   51.333333   50.000000   53.111111   54.000000   66.777778   45.666667   55.000000   52.777778   50.444444   52.222222   44.333333   56.222222   57.222222   50.888889   51.555556
  1592.311035   69.222222   72.333333   56.111111   52.666667   57.333333   60.666667   66.666667   50.444444   57.000000   56.333333   53.777778   55.111111   47.000000   59.666667   57.888889   51.666667   55.000000
  1602.275024   70.555556   71.000000   60.555556   56.666667   59.000000   59.666667   65.222222   54.888889   60.000000   57.333333   55.333333   57.000000   46.222222   62.333333   58.888889   47.777778   58.888889
  1612.239990   67.444444   69.777778   54.111111   50.222222   58.444444   59.000000   62.222222   51.000000   52.555556   53.444444   50.222222   53.555556   42.888889   59.666667   53.444444   51.888889   55.777778
  1622.203979   74.777778   72.333333   58.888889   52.888889   61.555556   61.666667   69.333333   54.000000   61.444444   59.000000   57.222222   57.111111   50.111111   62.000000   60.888889   56.111111   61.666667
  1632.166992   72.666667   73.333333   52.666667   55.555556   61.222222   58.000000   65.000000   49.000000   52.666667   56.444444   53.888889   55.444444   48.666667   63.333333   60.222222   51.777778   56.666667
  1642.130981   68.666667   73.888889   60.333333   53.333333   60.666667   60.666667   68.111111   54.666667   55.000000   60.111111   55.222222   56.000000   47.111111   60.777778   57.111111   53.888889   58.555556
  1652.093994   74.111111   68.333333   59.333333   54.111111   60.666667   61.000000   62.000000   51.666667   51.666667   56.444444   57.222222   55.888889   51.666667   60.666667   58.555556   55.555556   54.000000
  1662.057007   65.777778   73.555556   60.777778   53.222222   65.666667   58.000000   59.333333   52.111111   52.222222   55.000000   55.333333   59.000000   46.444444   62.111111   58.666667   54.555556   57.000000
